# R script for Peak Model
#  -- generated by MACS
p <- c(0.018463704078081074,0.021660405082644368,0.024857106087207658,0.027695556117121614,0.03067179498343916,0.03028598624150911,0.03056156391431629,0.030864699354404185,0.030341101776070543,0.03067179498343916,0.030837141587123466,0.03097493042352706,0.030644237216158443,0.030699352750719878,0.030644237216158443,0.030065524103263363,0.030396217310631978,0.03025842847422839,0.030093081870544082,0.030120639637824798,0.03067179498343916,0.030368659543351263,0.030837141587123466,0.031746547907387165,0.031967010045632904,0.0328764163658966,0.032270145485720804,0.03238037655484368,0.03304176296958091,0.03320710957326522,0.033124436271423065,0.0336480338497567,0.03334489840966881,0.03304176296958091,0.033372456176949526,0.03331734064238809,0.033675591617037426,0.033427571711510964,0.0328764163658966,0.032573280925808704,0.03265595422765086,0.032518165391247265,0.03290397413317732,0.03268351199493157,0.03265595422765086,0.032215029951159366,0.03232526102028224,0.032931531900458035,0.033675591617037426,0.034502324635458964,0.0348605756101083,0.035356615421161225,0.03519126881747692,0.03543928872300338,0.036073117370459894,0.036018001835898455,0.03582509746493343,0.03648648387967066,0.03648648387967066,0.035714866395810556,0.03582509746493343,0.035907770766775586,0.03615579067230205,0.036210906206863486,0.035604635326687686,0.036624272716074255,0.03753367903633795,0.03747856350177651,0.03723054359625005,0.03714787029440789,0.037395890199934355,0.03695496592344287,0.036982523690723586,0.03709275475984646,0.037395890199934355,0.03720298582896933,0.03681717708703928,0.03585265523221415,0.035907770766775586,0.03645892611238995,0.035714866395810556,0.035769981930371994,0.0359353285340563,0.035880212999494863,0.036210906206863486,0.03626602174142492,0.036679388250635686,0.03736833243265364,0.03736833243265364,0.037340774665372924,0.03750612126905723,0.037643910105460816,0.03742344796721508,0.03745100573449579,0.036734503785197124,0.03651404164695138,0.03610067513774061,0.03541173095572266,0.035769981930371994,0.03574242416309128,0.03599044406861774,0.03637625281054779,0.03648648387967066,0.03640381057782851,0.0373132168980922,0.03750612126905723,0.037340774665372924,0.03802971884739087,0.03816750768379446,0.038250180985636616,0.03858087419300523,0.037919487778268,0.03805727661467159,0.03775414117458369,0.037285659130811485,0.037395890199934355,0.03772658340730298,0.03786437224370656,0.03772658340730298,0.03753367903633795,0.03720298582896933,0.037919487778268,0.038360412054759485,0.03893912516765457,0.04006899362616401,0.03998632032432185,0.0402067824625676,0.04039968683353262,0.04086816887730483,0.04117130431739273,0.041198862084673445,0.04075793780818195,0.04122641985195416,0.04100595771370842,0.039931204789760415,0.03943516497870749,0.03924226060774246,0.038856451865812415,0.03833285428747877,0.0385257586584438,0.03932493390958462,0.04026189799712903,0.03973830041879539,0.039820973720637545,0.039517838280549646,0.040785495575462676,0.04141932422291919,0.04136420868835775,0.04177757519756852,0.041612228593884214,0.041143746550112006,0.03998632032432185,0.039931204789760415,0.04075793780818195,0.04147443975748062,0.04106107324826985,0.04050991790265549,0.04106107324826985,0.04183269073212996,0.04202559510309498,0.04232873054318288,0.04340348346713089,0.043541272303534474,0.04370661890721878,0.043844407743622374,0.04442312085651745,0.045663220384149765,0.0457183359187112,0.045249853874938996,0.04624193349704484,0.046627742238974895,0.04646239563529059,0.047592264093800025,0.04720645535186997,0.046930877679062795,0.04624193349704484,0.045773451453272634,0.04569077815143048,0.045470316013184735,0.045112065038535404,0.04486404513300894,0.04522229610765827,0.04425777425283314,0.04467114076204391,0.04552543154774617,0.04643483786800987,0.04646239563529059,0.04676553107537849,0.047482033024677156,0.04756470632651931,0.04767493739564218,0.0481709772066951,0.04866701701774803,0.04866701701774803,0.04822609274125654,0.04852922818134444,0.04902526799239736,0.04880480585415162,0.04850167041406372,0.04943863450160813,0.050540945192836854,0.050899196167486185,0.0510645427711705,0.051147216073012654,0.052056622393276346,0.05208418016055706,0.05227708453152209,0.05310381754994363,0.05357229959371584,0.0532140486190665,0.052773124342575015,0.052221968996960653,0.05269045104073286,0.05335183745547009,0.0532140486190665,0.05299358648082076,0.05299358648082076,0.05335183745547009,0.05348962629187368,0.05324160638634722,0.053434510757312245,0.05335183745547009,0.05359985736099655,0.053737646197400145,0.05379276173196158,0.0541234549393302,0.05417857047389164,0.05486751465590958,0.05475728358678671,0.05569424767433113,0.05613517195082261,0.056934347201963435,0.05732015594389349,0.05709969380564774,0.057595733616700666,0.05784375352222713,0.058863390911613696,0.05833979333328006,0.059276757420824465,0.058863390911613696,0.05919408411898231,0.0599381438355617,0.05900117974801729,0.05996570160284242,0.06076487685398324,0.061150685595913294,0.061260916665036164,0.062252996287142016,0.06258368949451062,0.06280415163275638,0.0633001914438093,0.06379623125486222,0.0649812152479331,0.06517411961889813,0.0646780798078452,0.06503633078249453,0.06509144631705598,0.06503633078249453,0.06465052204056448,0.06555992836082818,0.06495365748065238,0.06448517543688018,0.06506388854977525,0.06522923515345956,0.06572527496451248,0.0662213147755654,0.06693781672486408,0.06688270119030264,0.06779210751056634,0.0678747808124085,0.0695558046165323,0.07027230656583096,0.06994161335846234,0.0700242866603045,0.07043765316951527,0.07115415511881394,0.07129194395521753,0.07145729055890183,0.07153996386074399,0.07165019492986686,0.07151240609346327,0.07173286823170902,0.07211867697363906,0.07250448571556913,0.07300052552662205,0.07374458524320143,0.07413039398513148,0.07537049351276379,0.07611455322934318,0.07652791973855395,0.0770515173168876,0.07727197945513334,0.07768534596434411,0.07862231005188852,0.0796695052085558,0.07928369646662575,0.07975217851039795,0.0799726406486437,0.08093716250346883,0.08181901105645181,0.082094588729259,0.08344491932601418,0.08468501885364649,0.08526373196654156,0.08564954070847161,0.08683452470154249,0.0877714887890869,0.08857066404022773,0.0883777596692627,0.08912181938584209,0.08970053249873716,0.08906670385128065,0.09074772765540445,0.09223584708856322,0.0922082893212825,0.09306258010698476,0.09455069954014354,0.09565301023137227,0.09741670733733822,0.09884971123593556,0.09918040444330417,0.10069608164374366,0.09997957969444499,0.09887726900321626,0.10008981076356786,0.10080631271286652,0.10053073504005935,0.10077875494558582,0.10088898601470868,0.10166060349856879,0.10290070302620109,0.1039754559501491,0.10433370692479843,0.10584938412523792,0.10653832830725588,0.10686902151462449,0.1078059856021689,0.10855004531874829,0.1093216628026084,0.1094870094062927,0.11003816475190707,0.11122314874497795,0.11287661478182102,0.11430961868041836,0.11455763858594482,0.11530169830252421,0.11571506481173498,0.11637645122647221,0.11717562647761304,0.11629377792463005,0.11648668229559508,0.11604575801910359,0.11673470220112155,0.11656935559743724,0.11747876191770093,0.11822282163428031,0.11808503279787673,0.11852595707436822,0.11830549493612247,0.1198762876711234,0.12197067798445797,0.12199823575173868,0.12221869788998443,0.12285252653744094,0.123238335279371,0.123238335279371,0.12486424354893336,0.12472645471252977,0.12651770958577643,0.12709642269867152,0.12806094455349665,0.1293837173829711,0.1301277770995505,0.13202926304192006,0.1325804183875344,0.13376540238060527,0.13431655772621964,0.1362731592031506,0.13726523882525649,0.13938718690587176,0.13988322671692469,0.14109576847727628,0.142198079168505,0.14321771655789156,0.14470583599105033,0.14547745347491045,0.14743405495184142,0.14820567243570154,0.14881194331587733,0.14930798312693025,0.14980402293798317,0.1509063336292119,0.15233933752780923,0.15302828170982719,0.15470930551395098,