# R script for Peak Model
#  -- generated by MACS
p <- c(0.021948409045183238,0.02558107396817074,0.02898510963027092,0.03279559731172634,0.036783907751649685,0.03622503622503623,0.03630124597866533,0.03617422972261682,0.03561535819600336,0.035793180954471274,0.03635205248108474,0.036555278490762365,0.036682294746810874,0.03635205248108474,0.03589479395931009,0.035971003712939195,0.03640285898350414,0.036860117505278796,0.03724116627342434,0.036656891495601175,0.03609801996898771,0.035945600461729496,0.0360218102153586,0.03652987523955266,0.036047213466568306,0.035793180954471274,0.03551374519116455,0.03462463139882495,0.034040356621001785,0.03398955011858237,0.03444680864035703,0.03490406716213168,0.03470084115245405,0.03388793711374356,0.03442140538914733,0.03467543790124435,0.03531051918148692,0.03619963297382652,0.03673310124923028,0.03739358578068255,0.03752060203673107,0.03701253701253701,0.036860117505278796,0.03744439228310196,0.03769842479519899,0.038181086568183344,0.03739358578068255,0.037368182529472854,0.03752060203673107,0.03741898903189226,0.037266569524634044,0.037749231297618396,0.038358909326651265,0.03797786055850572,0.03790165080487661,0.03713955326858553,0.037749231297618396,0.03724116627342434,0.037774634548828095,0.03797786055850572,0.037673021543989285,0.037368182529472854,0.03708874676616612,0.03744439228310196,0.037673021543989285,0.0378254410512475,0.03731737602705345,0.03823189307060275,0.03815568331697364,0.03790165080487661,0.03851132883390948,0.03879076459721621,0.03884157109963562,0.039171813365361755,0.03924802311899086,0.03990850765044313,0.040264153167378976,0.040162540162540165,0.04021334666495957,0.04069600843794392,0.041000847452460354,0.04074681494036333,0.041000847452460354,0.04084842794520214,0.040518185679476,0.03993391090165284,0.04006092715770135,0.03990850765044313,0.03952745888229759,0.03995931415286254,0.0396036686359267,0.04031495966979838,0.04067060518673422,0.04069600843794392,0.04077221819157303,0.04072141168915362,0.04064520193552452,0.040518185679476,0.04112786370850887,0.040162540162540165,0.04059439543310511,0.04001012065528194,0.03980689464560432,0.03985770114802373,0.04034036292100808,0.041077057206089465,0.041102460457299164,0.04201697750084847,0.04150891247665441,0.04161052548149322,0.04173754173754174,0.04150891247665441,0.041788348239961144,0.04194076774721936,0.041889961244799954,0.041889961244799954,0.0413564929693962,0.0404927824282663,0.04067060518673422,0.04122947671334768,0.040873831196411844,0.04125487996455739,0.0413564929693962,0.041280283215767086,0.04112786370850887,0.041000847452460354,0.04173754173754174,0.042601252278671634,0.04295689779560747,0.042982301046817176,0.04336334981496272,0.0440746408488344,0.04364278557826945,0.04382060833673737,0.04445568961697994,0.04526859365569043,0.04521778715327102,0.04425246360730232,0.04384601158794707,0.0440746408488344,0.04366818882947915,0.04313472055407539,0.04343955956859183,0.0440492375976247,0.04275367178592985,0.0422710100129455,0.04237262301778431,0.04341415631738212,0.04374439858310826,0.04384601158794707,0.04453189937060905,0.04481133513391578,0.044785931882706076,0.04516698065085162,0.04625932045286884,0.04671657897464349,0.04689440173311141,0.04689440173311141,0.047199240747627845,0.04783432202787041,0.04717383749641814,0.04785972527908012,0.048316983800854765,0.047402466757305466,0.04704682124036963,0.0467673854770629,0.047300853752466655,0.047123030993998734,0.047377063506095766,0.04752948301335398,0.0486472260665809,0.04796133828391893,0.04796133828391893,0.04849480655932269,0.04905367808593615,0.05017142113916308,0.04956174311013021,0.049815775622227235,0.049891985375856346,0.049917388627066045,0.049790372371017536,0.05014601788795337,0.050120614636743666,0.05085730892182505,0.051212954438760894,0.05078109916819594,0.0513399706948094,0.050831905670615345,0.05103513168029297,0.05027303414400189,0.05057787315851832,0.05106053493150267,0.051721019462954945,0.051212954438760894,0.0513399706948094,0.051212954438760894,0.05146698695085792,0.052610133255294546,0.05205126172868108,0.052432310496826624,0.05227989098956841,0.052229084487149004,0.0522544877383587,0.05268634300892366,0.052533923501665435,0.05291497226981098,0.0531436015306983,0.05273714951134306,0.053423037294005035,0.05388029581577969,0.054210538081505825,0.054337554337554335,0.05418513483029612,0.05418513483029612,0.05454078034723196,0.05471860310569988,0.05476940960811928,0.054032715323037904,0.054413764091183446,0.05459158684965137,0.05530287788352305,0.055429894139571556,0.05624279817828205,0.056928685960944025,0.05718271847304105,0.05751296073876719,0.05776699325086422,0.059138768816188174,0.059240381821026984,0.05901175256013966,0.05875772004804263,0.058935542806510546,0.05908796231376877,0.05880852655046204,0.058732316796832926,0.05911336556497847,0.059646833840382225,0.05997707610610836,0.05992626960368896,0.06020570536699569,0.0602819151206248,0.060358124874253904,0.06007868911094717,0.0594182045794949,0.06056135088393153,0.05972304359401134,0.05957062408675312,0.0593928013282852,0.05926578507223668,0.05918957531860758,0.05977385009643074,0.06020570536699569,0.06073917364239945,0.062136352458933106,0.06165369068594875,0.06244119147344954,0.06330490201457943,0.0639907897972414,0.06432103206296755,0.06528635560893625,0.06485450033837131,0.0657944206331303,0.06589603363796913,0.06584522713554972,0.06627708240611467,0.06683595393272812,0.06640409866216318,0.06538796861377506,0.06615006615006615,0.06630248565732437,0.06701377669119604,0.06673434092788931,0.06688676043514753,0.06724240595208338,0.06813151974442297,0.06813151974442297,0.06919845629523048,0.07084966762386118,0.07100208713111938,0.07181499116982988,0.07293273422305681,0.07338999274483145,0.0737964447641867,0.07425370328596136,0.07405047727628372,0.07554926909765619,0.07570168860491441,0.07595572111701145,0.07615894712668907,0.07631136663394728,0.07567628535370471,0.07681943165814134,0.07735289993354509,0.07834362673072351,0.07841983648435262,0.07727669017991598,0.07730209343112569,0.07765773894806152,0.07875007875007875,0.07900411126217578,0.07991862830572508,0.0791819340206437,0.07961378929120864,0.0792327405230631,0.08024887057145122,0.08156983963435577,0.08248435667790506,0.08291621194847001,0.08337347047024467,0.08408476150411634,0.08474524603556861,0.08616782810331197,0.08670129637871574,0.08807307194403968,0.08845412071218522,0.089927509282348,0.09058799381380027,0.0918327531230757,0.09236622139847946,0.09282347992025411,0.09338235144686757,0.09333154494444817,0.09462711075614301,0.09470332050977212,0.09556703105090202,0.09551622454848262,0.09645614484324162,0.09731985538437152,0.09828517893034022,0.09973316424929328,0.1007238910464717,0.10184163409969861,0.10237510237510238,0.10321340966502257,0.10397550720131365,0.10445816897429801,0.10339123242349049,0.10290857065050614,0.1034928454283293,0.10379768444284573,0.1044835722255077,0.10509325025454058,0.10506784700333087,0.1063126063126063,0.10651583232228394,0.10697309084405858,0.10844647941422135,0.11025011025011025,0.11063115901825579,0.11080898177672371,0.11088519153035283,0.11164728906664391,0.1125618061101932,0.1125618061101932,0.11352712965616192,0.11451785645334032,0.11555938975293814,0.11594043852108368,0.11718519783035912,0.11749003684487555,0.1179472953666502,0.11825213438116663,0.11926826442955475,0.12025899122673316,0.12086866925576603,0.1214783472847989,0.12198641230899296,0.12229125132350939,0.12297713910617136,0.12447593092754383,0.12556827072956106,0.12620335200980362,0.12734649831424025,0.12757512757512757,0.12915012915012916,0.12942956491343588,0.12981061368158142,0.13077593722755013,0.1305727112178725,0.13092835673480835,0.1313094055029539,0.1332908590973107,0.1332400525948913,0.1349928769283608,0.13598360372553922,0.13760941180296019,0.13834610608804157,0.13893038086586473,0.14032755968239838,0.1414198994844156,0.14256304578885223,0.1421057872670776,0.14365538559086946,0.14421425711748292,0.1447477253928867,