# R script for Peak Model
#  -- generated by MACS
p <- c(0.02645136902270119,0.030975945302900078,0.03521048464206058,0.039735060922259466,0.044375651978873706,0.04412428662997377,0.04420162981425067,0.04395026446535074,0.043022146254027886,0.04300281045795866,0.04408561503783532,0.04375690650465848,0.04406627924176609,0.04383424968893538,0.04337019058327395,0.042944803069750986,0.04292546727368176,0.043524876951827766,0.044240301406389126,0.043853585485004606,0.043215504214720146,0.04337019058327395,0.04296413886582021,0.04290613147761253,0.04253875135229724,0.04259675874050491,0.04251941555622801,0.04164930473311284,0.04118524562745142,0.041281924607797546,0.041475282568489806,0.041591297344905166,0.04168797632525129,0.041475282568489806,0.04213269963484349,0.042500079760158786,0.04279011670119717,0.04298347466188943,0.04350554115575854,0.04381491389286615,0.044104950833904547,0.04387292128107383,0.04402760764962764,0.04445299516315061,0.04439498777494293,0.044627017327773646,0.04400827185355841,0.044375651978873706,0.04416295822211222,0.04393092866928151,0.04400827185355841,0.04453033834742752,0.04480103949239668,0.04439498777494293,0.04451100255135829,0.043988936057489186,0.04507174063736585,0.04480103949239668,0.04512974802557353,0.04559380713123495,0.04522642700591965,0.04507174063736585,0.04458834573563519,0.04458834573563519,0.04464635312384287,0.04441432357101216,0.043718234912520026,0.04435631618280449,0.044627017327773646,0.04478170369632745,0.04549712815088882,0.04549712815088882,0.04547779235481959,0.04559380713123495,0.0451877554137812,0.04588384407227334,0.0461545452172425,0.0460772020329656,0.04567115031551185,0.0456324787233734,0.04570982190765031,0.04534244178233501,0.04557447133516572,0.04623188840151941,0.04665727591504238,0.04638657477007321,0.046695947507180834,0.04675395489538851,0.04654126113862702,0.04679262648752696,0.04628989578972709,0.04681196228359619,0.047276021389257614,0.04700532024428845,0.04694731285608077,0.0470439918364269,0.046831298079665414,0.04679262648752696,0.04739203616567297,0.04681196228359619,0.047082663428565354,0.047218014001049934,0.04700532024428845,0.0474887151460191,0.04783675947526517,0.04803011743595743,0.04775941629098826,0.048242811192718914,0.048107460620234334,0.04833949017306504,0.048436169153411174,0.048049453232026654,0.04822347539664969,0.04808812482416511,0.048107460620234334,0.04820413960058046,0.047798087883126714,0.04694731285608077,0.04681196228359619,0.04617388101331173,0.04603853044082715,0.046444582158280893,0.04656059693469625,0.04576782929585798,0.04553579974302727,0.04530377019019656,0.04580650088799643,0.04623188840151941,0.04628989578972709,0.04690864126394232,0.04690864126394232,0.04745004355388065,0.047160006612842253,0.047662737310642134,0.04781742367919594,0.04814613221237278,0.04835882596913427,0.04789476686347285,0.04797211004774975,0.04859085552196498,0.04872620609444956,0.04816546800844201,0.048184803804511234,0.048687534502311114,0.048378161765203494,0.048494176541618854,0.0489002282590726,0.04975100328611854,0.0499443612468108,0.049847682266464674,0.050234398187849194,0.05060177831316449,0.05073712888564907,0.0508338078659952,0.051529896524487334,0.051394545952002754,0.05143321754414121,0.05141388174807198,0.051065837418825914,0.051143180603102814,0.050872479458133654,0.0509111510502721,0.051394545952002754,0.051143180603102814,0.050679121497441394,0.05071779308957984,0.05112384480703359,0.05093048684634133,0.051471889136279654,0.05214864199870257,0.05240000734760251,0.05226465677511792,0.05205196301835644,0.05205196301835644,0.05257402951222554,0.053444140335340715,0.05253535792008709,0.052303328367256374,0.052361335755464054,0.05195528403801031,0.05195528403801031,0.052225985182979474,0.0518005976694565,0.05251602212401786,0.05265137269650245,0.052167977794771794,0.052612701104363994,0.052554693716156314,0.052612701104363994,0.05238067155153328,0.052419343143671734,0.05263203690043322,0.05336679715106381,0.053444140335340715,0.05334746135499458,0.05367616988817142,0.054294915362386655,0.055455063126540215,0.05520369777764028,0.055126354593363375,0.05520369777764028,0.05491366083660189,0.05504901140908647,0.05485565344839421,0.054991004020878795,0.05522303357370951,0.054739638671978855,0.054101557401694395,0.05489432504053266,0.05489432504053266,0.05530037675798641,0.05535838414619409,0.05502967561301724,0.055377719942263315,0.055319712554055635,0.05535838414619409,0.055648421087232475,0.055068347205155695,0.05541639153440177,0.055764435863647835,0.05632517394965539,0.05649919611427842,0.05767867967450121,0.05820074616837031,0.058471447313339475,0.058606797885824055,0.05903218539934703,0.06028901214384672,0.06003764679494678,0.06003764679494678,0.05951558030107768,0.06015366157136214,0.060134325775292916,0.05976694564997762,0.0599022962224622,0.060076318387085235,0.06005698259101601,0.06038569112419285,0.06038569112419285,0.06073373545343892,0.06102377239447731,0.0613911525197926,0.06113978717089267,0.06067572806523124,0.06170052525690022,0.0613138093355157,0.061739196849038676,0.06152650309227719,0.06150716729620796,0.061758532645107896,0.0627253224485692,0.062338606527184676,0.06258997187608462,0.06347941849526902,0.06284133722498456,0.06326672473850753,0.06376945543630741,0.06454288727907645,0.06489093160832252,0.065103625365084,0.06419484294983038,0.06520030434543013,0.06527764752970704,0.06545166969433007,0.06593506459606072,0.06647646688599905,0.06608975096461453,0.06547100549039929,0.06601240778033762,0.0666698248466913,0.06794598738726022,0.06769462203836028,0.06817801694009093,0.0684487180850601,0.06895144878285998,0.06928015731603682,0.06997624597452895,0.07111705794261329,0.07150377386399781,0.0717938108050362,0.07204517615393614,0.07245122787138988,0.07247056366745912,0.0731279807338128,0.07303130175346667,0.07390141257658184,0.07411410633334332,0.074172113721551,0.07411410633334332,0.0745394938468663,0.07428812849796636,0.07502288874859694,0.0756609700188814,0.07585432797957367,0.0765504166380658,0.0765504166380658,0.07651174504592735,0.07682111778303496,0.0778845865668424,0.07809728032360388,0.07910274171920363,0.07910274171920363,0.07970215139734964,0.08003085993052649,0.08043691164798022,0.08095897814184934,0.08215779749814135,0.08283455036056425,0.08298923672911807,0.08358864640726407,0.08426539926968699,0.08542554703384055,0.08581226295522507,0.08685639594296327,0.08759115619359385,0.088886654530232,0.08937004943196265,0.0901434812747317,0.09107159948605455,0.09225108304627733,0.09248311259910803,0.09227041884234656,0.09358525297505392,0.09368193195540005,0.09428134163354605,0.09422333424533838,0.09515145245666123,0.0956541831544611,0.09623425703653789,0.09685300251075311,0.09812916505132203,0.09954067816437553,0.09954067816437553,0.09992739408576005,0.10073949752066755,0.10104887025777516,0.10023676682286767,0.10102953446170594,0.10174495891626731,0.10207366744944414,0.10238304018655175,0.10305979304897467,0.10338850158215152,0.10454864934630508,0.1044906419580974,0.10514805902445108,0.10615352042005083,0.10623086360432774,0.10603750564363548,0.10628887099253542,0.10609551303184316,0.10601816984756625,0.10669492270998916,0.10750702614489666,0.10814510741518112,0.1085124875404964,0.10936326256754235,0.1099240006535499,0.11164488650371102,0.11168355809584947,0.11195425924081864,0.11239898255041084,0.11299839222855684,0.11338510814994136,0.11379115986739512,0.11483529285513332,0.11491263603941022,0.11574407527038694,0.11578274686252539,0.11686555144240204,0.1180256992065556,0.11819972137117864,0.11895381741787846,0.11905049639822458,0.1200946293859628,0.11999795040561666,0.12052001689948577,0.12082938963659338,0.12139012772260094,0.12183485103219313,0.1220282089928854,0.12384577382339264,0.12430983292905406,0.12527662273251536,0.1267268074377073,0.12786761940579164,0.12825433532717617,0.12852503647214533,0.12883440920925296,0.12949182627560663,0.13041994448692948,0.12993654958519885,0.13148341327073693,0.13188946498819065,0.13188946498819065,