# R script for Peak Model
#  -- generated by MACS
p <- c(0.017174023315949798,0.020213412322037133,0.02328230995925153,0.026144647178576497,0.029213544815790894,0.029744700176078002,0.029184036184663833,0.029626665651569756,0.030157821011856864,0.03065946774101691,0.03083651952777928,0.03065946774101691,0.030246346905238048,0.0305119245853816,0.029774208807205063,0.02968568291382388,0.029833226069459186,0.030216838274110987,0.02968568291382388,0.02909551029128265,0.02818074272634374,0.027885656415073127,0.028269268619724928,0.02832828588197905,0.02971519154495094,0.03006929511847568,0.029833226069459186,0.02989224333171331,0.030423398692000416,0.030777502265525156,0.03107258857679577,0.031662761199337,0.03148570941257463,0.031338166256939325,0.030334872798619232,0.03009880374960274,0.030423398692000416,0.029803717438332124,0.02992175196284037,0.030216838274110987,0.03003978648734862,0.02995126059396743,0.03006929511847568,0.029980769225094493,0.03027585553636511,0.030925045421160462,0.03151521804370169,0.03183981298609937,0.031721778461591126,0.031574235305955815,0.03222342519075117,0.03263654602653003,0.03304966686230889,0.03399394305837486,0.03437755526302666,0.03417099484513723,0.033698856747104246,0.03361033085372306,0.03361033085372306,0.03322671864907126,0.033934925796120737,0.03405296032062898,0.033728365378231304,0.033167701386817135,0.0331972100179442,0.033462787698087755,0.033551313591468936,0.03414148621401017,0.034348046631899595,0.03523330556571144,0.03517428830345732,0.035292322827965565,0.03546937461472793,0.035823478188252676,0.03558740913923618,0.03546937461472793,0.035675935032617366,0.03523330556571144,0.035823478188252676,0.035439865983600875,0.03591200408163386,0.03579396955712561,0.03561691777036324,0.035292322827965565,0.03573495229487149,0.03576446092599855,0.03538084872134675,0.035528391876982056,0.03496772788556789,0.034879201992186706,0.03420050347626429,0.03417099484513723,0.03455460704978903,0.0351152710412032,0.03579396955712561,0.035439865983600875,0.0356464264014903,0.03635463354853978,0.03629561628628566,0.03635463354853978,0.03591200408163386,0.03546937461472793,0.0356464264014903,0.03502674514782201,0.03440706389415372,0.034908710623313764,0.03499723651669495,0.03443657252528078,0.034731658836551396,0.034731658836551396,0.03555790050810912,0.0360300386061421,0.035852986819379734,0.03673824575319158,0.036885788908826884,0.03667922849093746,0.03732841837573281,0.0375644874247493,0.03803662552278229,0.03800711689165522,0.03785957373601992,0.03788908236714698,0.037741539211511674,0.03735792700685987,0.03706284069558926,0.03803662552278229,0.037416944269113996,0.03788908236714698,0.03785957373601992,0.03771203058038461,0.03747596153136812,0.03771203058038461,0.037416944269113996,0.03738743563798693,0.03735792700685987,0.037977608260528165,0.038449746358561146,0.03791859099827404,0.03815466004729053,0.03889237582546707,0.03889237582546707,0.038921884456594134,0.0398661606526601,0.04092847137323431,0.0411645404222508,0.039718617497024794,0.04013173833280365,0.0410169972666155,0.04095798000436138,0.04081043684872607,0.04110552315999668,0.04095798000436138,0.04048584190632839,0.039394022554627116,0.04013173833280365,0.04190225620042735,0.04131208357788611,0.040662893693090764,0.04054485916858251,0.04078092821759901,0.04110552315999668,0.041371100840140236,0.04225635977395208,0.04323014460114511,0.0425514460852227,0.04163667852028379,0.04222685114282502,0.04290554965874743,0.043289161863399234,0.04393835174819459,0.04420392942833814,0.04408589490382989,0.044705576157498185,0.04399736901044871,0.04482361068200643,0.0453842746734206,0.045413783304547664,0.045266240148912354,0.045089188362149986,0.045000662468768805,0.045266240148912354,0.04550230919792885,0.044439998477354636,0.04441048984622757,0.044292455321719326,0.04441048984622757,0.04467606752637113,0.0453842746734206,0.0457678868780724,0.04591543003370771,0.04632855086948657,0.04750889611456903,0.04780398242583964,0.048158085999364386,0.048335137786126754,0.04747938748344197,0.047066266647663106,0.04718430117217135,0.04744987885231491,0.04747938748344197,0.0476859479013314,0.04744987885231491,0.04774496516358552,0.048423663679507935,0.04860071546627031,0.04907285356430329,0.04954499166233627,0.04933843124444685,0.04966302618684452,0.049899095235861016,0.05019418154713163,0.04969253481797158,0.05051877648952931,0.0507548455385458,0.0509023886941811,0.051640104472357645,0.05137452679221409,0.051492561316722335,0.05104993184981641,0.051728630365738826,0.05152206994784939,0.05231880298828006,0.05249585477504243,0.053322096446600145,0.054000794962522566,0.05432538990492024,0.05462047621619086,0.05509261431422384,0.055830330092400376,0.05571229556789213,0.05529917473211327,0.05594836461690862,0.05532868336324033,0.05488605389633441,0.05467949347844498,0.05382374317576019,0.0547385107406991,0.05429588127379318,0.054266372642666115,0.05367620002012489,0.05459096758506379,0.054502441691682606,0.05532868336324033,0.055771312830146254,0.0562729595593063,0.05692214944410165,0.05636148545268748,0.05698116670635577,0.057187727124245205,0.057423796173261696,0.057659865222278193,0.05777789974678644,0.058220529213692356,0.05795495153354881,0.05816151195143823,0.05943038308990188,0.06084679738400083,0.06155500453105031,0.0612599182197797,0.062086159891337415,0.0629419101940222,0.06285338430064101,0.06276485840725983,0.0631779792430387,0.06391569502121523,0.06406323817685054,0.06429930722586703,0.0644763590126294,0.06583375604447422,0.06577473878222011,0.0653911265775683,0.06663048908490489,0.06778132569886029,0.0688436364194345,0.06934528314859455,0.06910921409957806,0.06899117957506981,0.06943380904197573,0.07020103345127933,0.0711453096473453,0.07182400816326771,0.07161744774537829,0.07200105995003009,0.07144039595861591,0.07132236143410767,0.07203056858115714,0.07232565489242776,0.07250270667919013,0.07217811173679245,0.07223712899904658,0.07256172394144425,0.07285681025271487,0.07247319804806307,0.07341747424412903,0.07356501739976434,0.07394862960441614,0.07439125907132206,0.07442076770244913,0.07501094032499035,0.07642735461908931,0.07701752724163054,0.0778142602820612,0.07946674362517665,0.07946674362517665,0.08067659750138617,0.08156185643519802,0.08244711536900985,0.08389303829423587,0.08501436627706421,0.08598815110425724,0.08734554813610207,0.08775866897188093,0.08896852284809045,0.09056198892895177,0.09194889459192367,0.09259808447671902,0.0938374469840556,0.09413253329532621,0.09410302466419916,0.09410302466419916,0.0936899038284203,0.094988283598011,0.09439811097546977,0.09548993032717104,0.09557845622055224,0.09634568062985582,0.09637518926098289,0.0984407934398772,0.10015229404524677,0.10100804434793155,0.10192281191287046,0.10263101905991993,0.10316217442020705,0.10245396727315756,0.10283757947780936,0.10330971757584234,0.10360480388711296,0.10363431251824003,0.10449006282092481,0.10499170955008486,0.10508023544346604,0.10620156342629437,0.10690977057334385,0.10803109855617218,0.10820815034293456,0.10906390064561934,0.1100081768416853,0.10835569349856987,0.10735240004024978,0.10673271878658148,0.10773601224490158,0.10841471076082398,0.10965407326816057,0.11027375452182886,0.11086392714437009,0.11056884083309948,0.11157213429141957,0.11428692835510923,0.11505415276441283,0.11682467063203651,0.11768042093472131,0.11738533462345069,0.11779845545922955,0.11827059355726253,0.11900830933543907,0.12101489625207926,0.12051324952291921,0.12063128404742746,0.12219524149716171,0.12355263852900654,0.12449691472507252,0.12470347514296194,0.1251165959787408,0.12609038080593382,0.1280379504603199,0.12797893319806578,0.13057569273724717,0.13172652935120258,0.1329363832274121,0.13284785733403093,0.13411672847249456,0.13491346151292521,0.13603478949575357,0.13751022105210664,0.13541510824208527,0.1363003671758971,0.1373036606342172,0.13857253177268086,0.13963484249325506,0.1413758517297517,0.1425266883437071,0.1432939127530107,0.14479885294049083,0.14547755145641325,0.1480448023644676,