# R script for Peak Model
#  -- generated by MACS
p <- c(0.019415517924802995,0.022622596940308184,0.025691240890395883,0.028656058541420462,0.032047717644148974,0.03227844275317812,0.03210539892140626,0.03185160130147419,0.03137861482796444,0.031344006061610065,0.03132093355070715,0.03144783236067318,0.03207079015505189,0.03220922522046938,0.032093862665954806,0.0320131088777946,0.032174616454115006,0.03227844275317812,0.03265913918307622,0.03270528420488205,0.03270528420488205,0.032601457905818934,0.03224383398682375,0.03215154394321209,0.032255370242275205,0.03200157262234314,0.031840065046022735,0.03182852879057128,0.031955427600537316,0.031897746323280025,0.03199003636689168,0.032186152709566464,0.03215154394321209,0.03241687781859561,0.032405341563144154,0.032866791781202456,0.03313212565658598,0.033235951955649094,0.03328209697745493,0.03347821332012971,0.03353589459738699,0.03360511213009574,0.03346667706467825,0.03353589459738699,0.03391659102728509,0.033905054771833636,0.03380122847277051,0.03396273604909092,0.03437804124534339,0.03458569384346963,0.034631838865275454,0.03452801256621234,0.03505868031697938,0.03525479665965416,0.03512789784968813,0.03564702934500372,0.03628152339483388,0.03623537837302805,0.03622384211757659,0.036639147313829064,0.03683526365650384,0.03693908995556696,0.036846799911955296,0.03678911863469801,0.03688140867830967,0.03628152339483388,0.03590082696493578,0.0359238994758387,0.03586621819858141,0.03575085564406683,0.03590082696493578,0.036293059650285335,0.03623537837302805,0.036685292335634896,0.03658146603657177,0.03716981506459611,0.03708906127643591,0.03695062621101842,0.037112133787338825,0.036916017444664044,0.036777582379246554,0.036431494715702825,0.03651224850386303,0.03582007317677558,0.035854681943129955,0.03542784049142603,0.035381695469620195,0.035520130535037685,0.035520130535037685,0.03550859427958623,0.03535862295871728,0.03563549308955226,0.03568163811135809,0.036131552073964936,0.036131552073964936,0.036073870796707645,0.036269987139382426,0.03639688594934846,0.03641995846025137,0.03647763973750866,0.03652378475931449,0.036385349693897,0.03661607480292615,0.036362277182994084,0.03665068356928052,0.036904481189212586,0.03678911863469801,0.036627611058377606,0.03622384211757659,0.036131552073964936,0.03639688594934846,0.036719901101989263,0.03651224850386303,0.03645456722660574,0.03632766841663971,0.0364661034820572,0.036685292335634896,0.036916017444664044,0.03723903259730486,0.037319786385465056,0.037400540173625256,0.03723903259730486,0.03770048281536315,0.038242686821581655,0.0383926581424506,0.03840419439790206,0.038634919506931216,0.03896947091502348,0.03930402232311575,0.03930402232311575,0.039500138665790524,0.039638573731208014,0.03944245738853324,0.03960396496485365,0.039684718753013846,0.03965010998665947,0.03966164624211093,0.03970779126391676,0.03956935619849927,0.04006541518291194,0.03993851637294591,0.04008848769381486,0.039973125139300285,0.040169241481975065,0.0403768940801013,0.04084988055361106,0.040815271787256684,0.04089602557541688,0.040953706852674174,0.04075759050999939,0.040942170597222716,0.040861416809062516,0.04118443196170332,0.040676836721839194,0.04071144548819357,0.04073451799909648,0.0405384016564217,0.04054993791187316,0.04075759050999939,0.041230576983509154,0.04151898336979559,0.04174970847882474,0.04193428856604806,0.04263800014858697,0.043087914111193816,0.04321481292115985,0.04402235080276187,0.044702989874397865,0.0447491348962037,0.044783743662558065,0.04527980264697074,0.045118295070650336,0.04510675881519888,0.04524519388061637,0.045337483924228025,0.045545136522354264,0.045625890310514464,0.04541823771238823,0.045452846478742606,0.04570664409867467,0.045475918989645515,0.046087340528572766,0.04639881942576212,0.04656032700208253,0.046456500703019404,0.04624884810489317,0.046444964447567946,0.046444964447567946,0.04669876206750002,0.046571863257533985,0.046860269643820424,0.04688334215472333,0.04696409594288354,0.04660647202388835,0.04688334215472333,0.047414009905490384,0.047402473650038926,0.04743708241639329,0.047402473650038926,0.04800235893351471,0.047979286422611796,0.048452272896121557,0.04869453426060216,0.04884450558147111,0.048798360559665285,0.048186939020738034,0.0483599828525099,0.04863685298334488,0.04855609919518467,0.04809464897712638,0.047979286422611796,0.048186939020738034,0.04815233025438366,0.04850995417337885,0.04847534540702447,0.04891372311417986,0.04906369443504881,0.049225202011369214,0.04989430482755375,0.05094410407363638,0.05137094552534031,0.0511286841608597,0.051451699313500514,0.05178625072159278,0.05204004834152484,0.05287065873402978,0.05292834001128707,0.05288219498948124,0.053539761550214324,0.05356283406111723,0.053539761550214324,0.05392045798011242,0.054081965556432826,0.05401274802372408,0.05448573449723384,0.054220400621850316,0.05462416956265133,0.05552399748786501,0.05551246123241355,0.055200982335224205,0.05613541902679226,0.05636614413582141,0.05641228915762724,0.056954493163845744,0.056942956908394286,0.05755437844732154,0.05761205972457882,0.05755437844732154,0.057231363294680725,0.057785103556350685,0.05712753699561761,0.05678144933207388,0.057012174441103035,0.05718521827287489,0.05761205972457882,0.057588987213675905,0.05803890117628275,0.05846574262798668,0.058904120335142064,0.058754149014273116,0.059873165793064495,0.060761457462826726,0.06144209653446272,0.06231885194877349,0.06304563604221532,0.06351862251572507,0.06374934762475422,0.06336865119485612,0.06383010141291443,0.06487990065899706,0.06497219070260872,0.06490297316989997,0.06529520585524953,0.06506448074622037,0.06490297316989997,0.06559514849698742,0.06607967122594864,0.06725636928199731,0.06790239958727892,0.0681792697181139,0.06884837253429844,0.07011736063395876,0.07080953596104622,0.07167475511990554,0.0723323216806386,0.07268994559963379,0.0734744109703329,0.07315139581769209,0.07353209224759019,0.0739127886774883,0.07387817991113392,0.07372820859026497,0.07376281735661934,0.07403968748745432,0.07424734008558055,0.07430502136283784,0.07505487796718259,0.07648537364316331,0.07688914258396433,0.07720062148115368,0.07811198566181883,0.07790433306369259,0.07893105979887231,0.07933482873967332,0.08060381683933365,0.0814344272318386,0.08181512366173668,0.08219582009163479,0.08263419779879017,0.08288799541872223,0.08302643048413973,0.08453767994828065,0.08535675408533415,0.08669495971770322,0.08666035095134884,0.0873755987893392,0.08780244024104314,0.08814852790458687,0.08897913829709181,0.08952134230331031,0.0903404164403638,0.09129792564283476,0.09174783960544161,0.09177091211634453,0.09241694242162614,0.09293607391694172,0.09373207554309229,0.09505874492000992,0.09598164535612651,0.09729677847759267,0.09764286614113639,0.09825428768006364,0.09842733151183551,0.09892339049624818,0.10000779850868519,0.10029620489497162,0.10065382881396681,0.10053846625945223,0.10071151009122409,0.10108067026567073,0.10259191972981167,0.10252270219710292,0.10348021139957389,0.10531447601635564,0.10611047764250621,0.10759865459574423,0.10842926498824917,0.10891378771721039,0.10959442678884639,0.10954828176704055,0.10970978934336095,0.1110826037420844,0.11134793761746792,0.11112874876389023,0.11130179259566209,0.1117632428137204,0.11261692571712825,0.11318220223424967,0.11345907236508465,0.11503953936193433,0.11576632345537614,0.11589322226534218,0.11657386133697817,0.11702377529958502,0.1183042996546968,0.11929641762352215,0.12050772444592518,0.1213152623275272,0.12301109187889146,0.12363404967327017,0.12415318116858576,0.1253644879909888,0.12749869524950844,0.1289176546700377,0.129379104888096,0.12956368497531934,0.12969058378528536,0.1309249631185913,0.13145563086935838,0.13202090738647979,0.13335911301884887,0.13483575371663542,0.13497418878205292,0.1356548278536889,0.13650851075709675,0.13780057136766,0.13829663035207268,0.1385042829501989,0.13963483598444174,0.14045391012149522,0.14139988306851475,0.14115762170403415,0.14238046478188862,