# R script for Peak Model
#  -- generated by MACS
p <- c(0.017680313769864318,0.020550337306479278,0.023577788294469743,0.026241945163901353,0.02907563928866043,0.02890610203333296,0.029099858896564353,0.02877289418986138,0.029196737328180046,0.02902720007285258,0.029002980464948657,0.02895454124914081,0.028845553013573152,0.02934205497560359,0.03014130203643307,0.03012919223248111,0.03014130203643307,0.03040771772337623,0.03011708242852915,0.030637803998463508,0.030867890273550785,0.031134305960493946,0.03147338047114888,0.03142494125534103,0.03097687850911844,0.030952658901214517,0.030734682430079204,0.030928439293310593,0.031122196156541982,0.030637803998463508,0.030286619683856614,0.030286619683856614,0.03011708242852915,0.029899105957393833,0.02962058046649871,0.029923325565297757,0.030104972624577186,0.030213960860144842,0.03044404713523212,0.03078312164588705,0.03130384321582141,0.0314976000790528,0.03143705105929299,0.031933553021323426,0.03195777262922735,0.03201832164898716,0.03233317655173817,0.0321636392964107,0.03240583537544994,0.03270858047424899,0.03274490988610487,0.03263592165053721,0.032720690278200945,0.032829678513768605,0.03304765498490392,0.033338290279751,0.033544156946934356,0.033677364790405936,0.03319297263232746,0.03315664322047158,0.033301960867895115,0.03351993733903043,0.033859011849685365,0.033883231457589286,0.03424652557614814,0.034198086360340295,0.03418597655638833,0.03431918439985991,0.034222305968244215,0.03450083145913934,0.03424652557614814,0.03456138047889915,0.0341012079287246,0.03390745106549321,0.034040658908964794,0.03411331773267656,0.03396800008525302,0.03421019616429226,0.03462192949865896,0.034609819694707,0.03465825891051485,0.03482779616584231,0.035433286363440404,0.035941898129422806,0.035905568717566914,0.03572392165828749,0.036256753032173815,0.036389960875645395,0.036862243229771906,0.03714076872066703,0.03743140401551411,0.03694701185743564,0.036389960875645395,0.0357844706780473,0.0356875922464316,0.03613565499265419,0.03566337263852768,0.03521530989230509,0.03510632165673744,0.03515476087254528,0.03483990596979428,0.035360627539728635,0.03566337263852768,0.03634152165983755,0.03658371773887678,0.03665637656258855,0.03689857264162779,0.0373708549957543,0.037249756956234684,0.037249756956234684,0.03698334126929152,0.03698334126929152,0.03727397656413861,0.03677747460210817,0.03668059617049248,0.036220423620317924,0.03609932558079831,0.035941898129422806,0.036171984404510076,0.036196204012414,0.036729035386300325,0.03692279224953171,0.03705600009300329,0.03745562362341803,0.03722553734833076,0.03727397656413861,0.03739507460365823,0.03747984323132196,0.03752828244712981,0.03755250205503373,0.03790368636964062,0.03807322362496809,0.038254870684247516,0.038702933430470106,0.039199435392500544,0.03985336480590648,0.040325647160033,0.040967466769486975,0.041100674612958556,0.0412459922603821,0.041621396182892914,0.04158506677103703,0.04146396873151741,0.04135498049594975,0.04147607853546938,0.041681945202652726,0.04177882363426842,0.04135498049594975,0.04129443147618995,0.04133076088804583,0.040640502062784,0.0404830746114085,0.04106434520110267,0.04082214912206343,0.041076455005054635,0.04091902755367913,0.04095535696553501,0.041597176574988994,0.04171827461450861,0.04176671383031646,0.042069458929115504,0.04248119226348221,0.042541741283242014,0.04273549814647341,0.043123011872936184,0.04321989030455188,0.04342575697173523,0.043256219716407765,0.043498415795447005,0.0440070275614294,0.04437032167998826,0.044551968739267686,0.044866823642018695,0.04554497266332856,0.0452785569763854,0.0455934118791364,0.04570240011470406,0.04588404717398349,0.04600514521350311,0.046162572664878616,0.04648953737158158,0.046816502078284555,0.04651375697948551,0.04652586678343747,0.04667118443086101,0.04720401580474733,0.04725245502055518,0.04714346678498752,0.047288784432411066,0.04716768639289145,0.04732511384426695,0.047131356981035565,0.04749465109959442,0.0468649412940924,0.04693760011780417,0.046683294234812975,0.046683294234812975,0.04671962364666886,0.0469618197257081,0.04725245502055518,0.047627858943066,0.04799115306162485,0.048209129532760166,0.04868141188688668,0.049177913848917114,0.04932323149634066,0.04945643933981224,0.050207247184833874,0.05072796875476823,0.05067952953896039,0.0506432001271045,0.050485772675729,0.05082484718638393,0.05120025110889475,0.05134556875631829,0.05174519228673303,0.05237490209223505,0.052265913856667394,0.05243545111199486,0.052241694248763466,0.05275030601474587,0.05323469817282434,0.05342845503605573,0.053973396213894013,0.05425192170478914,0.054397239352212676,0.05415504327317344,0.05443356876406857,0.054554666803588184,0.05519648641304216,0.05503905896166666,0.05472420405891565,0.05483319229448331,0.0547726432747235,0.05449411778382837,0.054748423666819576,0.05520859621699412,0.05578986680668829,0.05546290209998532,0.05582619621854418,0.05586252563040006,0.05704928641769233,0.05732781190858745,0.0571219452414041,0.057763764850858074,0.058611451127495405,0.05876887857887091,0.05907162367766996,0.059979858974067095,0.06031893348472203,0.06104552172183974,0.061251388389023095,0.06189320799847707,0.06343115310037623,0.06390343545450274,0.06444837663234103,0.06495698839832342,0.06478745114299596,0.06490854918251557,0.06530817271293031,0.0655019295761617,0.06570779624334505,0.06556247859592151,0.06547770996825779,0.06576834526310486,0.06534450212478621,0.06610741977375979,0.06691877663854125,0.06750004722823541,0.0680086589942178,0.06902588252618261,0.06955871390006893,0.07046694919646607,0.07074547468736118,0.0714720629244789,0.07225920018135643,0.07230763939716427,0.07234396880902015,0.07259827469201136,0.0728041413591947,0.07253772567225154,0.07276781194733882,0.07332486292912907,0.07343385116469672,0.07405145116624678,0.07436630606899779,0.07477803940336449,0.07515344332587531,0.07551673744443417,0.07653396097639896,0.07690936489890977,0.07692147470286174,0.07660661980011073,0.07745430607674807,0.07757540411626768,0.07768439235183534,0.0782051139217697,0.07854418843242462,0.07881060411936779,0.07904069039445506,0.07929499627744627,0.08053019628054638,0.08215291001010927,0.08241932569705243,0.08286738844327501,0.08373929432781627,0.08405414923056728,0.08528934923366739,0.08682729433556655,0.08727535708178913,0.08806249433866666,0.08854688649674512,0.08847422767303335,0.08983052571565309,0.0903028080697796,0.09107783552270515,0.09216771787838172,0.09277320807597982,0.09307595317477886,0.09329392964591418,0.09504985121894864,0.095255717886132,0.09659990612479977,0.09632138063390464,0.09726594534215767,0.09787143553975576,0.09864646299268132,0.09871912181639309,0.09884021985591271,0.09988166299578143,0.0995425884851265,0.10043871397757168,0.1006203610368511,0.10203720809923064,0.10224307476641399,0.10301810221933955,0.10329662771023468,0.1042411924184877,0.10575491791248293,0.10631196889427318,0.10729286301438208,0.10766826693689291,0.10772881595665272,0.10857650223329005,0.10961794537315876,0.10976326302058231,0.11061094929721964,0.11145863557385696,0.11104690223949026,0.11176138067265601,0.11253640812558158,0.11355363165754637,0.11419545126700034,0.11415912185514446,0.11530955323058084,0.1159877022518907,0.11635099637044956,0.11738032970636632,0.11851865127785073,0.11957220422167142,0.11957220422167142,0.11977807088885477,0.12071052579315583,0.12173985912907259,0.12153399246188924,0.1225269963859501,0.1240528316838973,0.12444034541036009,0.12572398462926804,0.12662011012171323,0.12818227483151629,0.1298292081689831,0.13060423562190868,0.13071322385747633,0.13158512974201758,0.1319605336645284,0.1324691454305108,0.13328050229529223,0.13365590621780307,0.13437038465096882,0.1358356709291562,0.13619896504771506,0.13747049446267104,0.13916586701594572,0.14026785917557424,0.1423144160434558,0.14296834545686174,0.1436464944781716,0.144784816049656,0.14588680820928454,0.14578992977766883,0.14698880036891307,0.1486357337063799,0.1493259925316417,0.15060963175054967,