# R script for Peak Model
#  -- generated by MACS
p <- c(0.028070848817354374,0.032940281775466866,0.03773810542537182,0.04282236630810692,0.04704731549235159,0.046868292221832746,0.04697570618414405,0.0471547294546629,0.04654605033489883,0.047118924800559125,0.04690409687593652,0.04636702706437999,0.045436106057682016,0.04532869209537071,0.04557932467409709,0.0451138641707481,0.04633122241027622,0.04593737121513477,0.04615219913975738,0.046008980523342305,0.04575834794461593,0.045901566561031004,0.04665346429721014,0.0465818549890026,0.047118924800559125,0.04722633876287043,0.04615219913975738,0.04554352001999332,0.04464840366739911,0.04393231058532374,0.04400391989353128,0.04332363146555968,0.043216217503248375,0.042858170962210694,0.04250012442117301,0.04278656165400316,0.04257173372938055,0.04278656165400316,0.043968115239427515,0.04472001297560665,0.045436106057682016,0.04608058983154984,0.04647444102669129,0.04679668291362521,0.04697570618414405,0.04608058983154984,0.047118924800559125,0.047083120146455354,0.046760878259521445,0.04647444102669129,0.04547191071178578,0.046008980523342305,0.046008980523342305,0.04622380844796492,0.0452212781330594,0.045901566561031004,0.046008980523342305,0.046617659643106366,0.04701151083824782,0.04719053410876666,0.047476971341596806,0.04701151083824782,0.04672507360541767,0.046617659643106366,0.046868292221832746,0.046760878259521445,0.04554352001999332,0.04525708278716317,0.04400391989353128,0.04436196643456897,0.0451138641707481,0.045185473478955636,0.045436106057682016,0.0444335757427765,0.04464840366739911,0.04461259901329534,0.04507805951664433,0.04507805951664433,0.04633122241027622,0.046510245680795065,0.04547191071178578,0.045400301403578244,0.04500645020843679,0.04597317586923854,0.046617659643106366,0.04665346429721014,0.04608058983154984,0.04647444102669129,0.04582995725282347,0.04557932467409709,0.04593737121513477,0.04597317586923854,0.04611639448565361,0.04575834794461593,0.045436106057682016,0.04608058983154984,0.04636702706437999,0.045436106057682016,0.04633122241027622,0.04568673863640839,0.04575834794461593,0.04561512932820085,0.04536449674947448,0.045185473478955636,0.0452212781330594,0.0444335757427765,0.04436196643456897,0.045042254862540564,0.04450518505098404,0.044827426937917955,0.04403972454763505,0.0444335757427765,0.04446938039688027,0.04536449674947448,0.045436106057682016,0.045436106057682016,0.04500645020843679,0.04450518505098404,0.04461259901329534,0.04382489662301244,0.04439777108867273,0.04418294316405012,0.04425455247225766,0.0436458733524936,0.04357426404428606,0.04389650593121998,0.04475581762971041,0.04568673863640839,0.04532869209537071,0.04679668291362521,0.04690409687593652,0.047835017882634494,0.04790662719084203,0.04769179926621942,0.047942431844945795,0.048085650461360874,0.04751277599570058,0.046295417756172456,0.04643863637258753,0.046259613102068685,0.04618800379386115,0.04507805951664433,0.04486323159202172,0.04550771536588955,0.0452212781330594,0.04561512932820085,0.04622380844796492,0.0472621434169742,0.04790662719084203,0.0480498458072571,0.04826467373187971,0.04837208769419102,0.04776340857442696,0.04729794807107797,0.047620189958011885,0.047369557379285505,0.04744116668749304,0.047083120146455354,0.04640283171848376,0.04557932467409709,0.046044785177446076,0.04582995725282347,0.04719053410876666,0.04754858064980434,0.04719053410876666,0.04729794807107797,0.04693990153004028,0.04744116668749304,0.047942431844945795,0.048801743543436235,0.0486227202729174,0.049303008700888995,0.04898076681395508,0.0495178366255116,0.04923139939268146,0.04933881335499276,0.0501981250534832,0.05066358555683219,0.05048456228631335,0.050520366940417116,0.050269734361690736,0.0501981250534832,0.050770999519143496,0.049911687820653056,0.050770999519143496,0.04998329712886059,0.04994749247475683,0.04901657146805885,0.04887335285164377,0.04847950165650232,0.04830047838598348,0.04890915750574754,0.04855111096470986,0.04898076681395508,0.04923139939268146,0.04933881335499276,0.04847950165650232,0.048694329581124934,0.04898076681395508,0.04833628304008725,0.04865852492702116,0.04855111096470986,0.0487301342352287,0.04883754819754001,0.04923139939268146,0.050126515745275664,0.0508784134814548,0.05116485071428495,0.05130806933070002,0.05324152065230351,0.053563762539237426,0.052561232224331914,0.052811864803058294,0.053062497381784667,0.052453818262020606,0.05188094379636032,0.05163031121763394,0.052310599645605534,0.05252542757022814,0.052203185683294226,0.05252542757022814,0.05388600442617134,0.053778590463860035,0.053814395117963806,0.05385019977206757,0.0537069811556525,0.053814395117963806,0.05284766945716206,0.053420543922822354,0.0531341066899922,0.05288347411126583,0.05248962291612438,0.053313129960511046,0.05367117650154873,0.054637902162350475,0.055103362665699464,0.054888534741076855,0.055353995244425844,0.05506755801159569,0.05506755801159569,0.056535548829850193,0.05700100933319918,0.05646393952164266,0.056213306942916284,0.055962674364189904,0.05635652555933136,0.05678618140857657,0.05782451637758586,0.05871963273018006,0.05914928857942529,0.05793193033989716,0.058540609459661226,0.058110953610416,0.058504804805557455,0.0580035396481047,0.058755437384283835,0.05889865600069891,0.057645493107067014,0.05775290706937832,0.05786032103168962,0.05836158618914238,0.05735905587423687,0.05832578153503861,0.057788711723482086,0.05832578153503861,0.0580035396481047,0.059006069963010215,0.06000860027791573,0.05975796769918935,0.058540609459661226,0.05861221876786876,0.059722163045085576,0.060080209586123264,0.060438256127160944,0.06029503751074587,0.06054567008947225,0.06011601424022703,0.06050986543536848,0.05979377235329311,0.06126176317154762,0.06233590279466067,0.06276555864390589,0.06312360518494357,0.06401872153753778,0.06552251700989604,0.06480642392782068,0.0651286658147546,0.0653434937393772,0.0660237821673488,0.0665966566330091,0.06645343801659402,0.06562993097220736,0.06555832166399982,0.06577314958862243,0.06459159600319807,0.06631021940017895,0.06702631248225432,0.06731274971508447,0.06870913122513143,0.06960424757772564,0.070320340659801,0.0715735035534329,0.07232540128961203,0.07325632229631,0.07465270380635697,0.07637132720333785,0.07783931802159236,0.07945052745626192,0.07984437865140338,0.08159880670248804,0.08152719739428049,0.08192104858942194,0.0823148997845634,0.08346064871588399,0.0845705929931008,0.08392610921923298,0.0839977185274405,0.08417674179795935,0.08478542091772341,0.08374708594871413,0.08442737437668572,0.08600277915725153,0.08679048154753444,0.08682628620163821,0.08664726293111936,0.08625341173597792,0.0871843327426759,0.0875065746296098,0.0871843327426759,0.08764979324602488,0.08782881651654371,0.08707691878036458,0.08722013739677965,0.08800783978706256,0.08901037010196808,0.09065738419074142,0.08997709576276981,0.09026353299559997,0.09173152381385447,0.09255503085824114,0.09302049136159013,0.09352175651904289,0.09262664016644867,0.09223278897130723,0.09183893777616577,0.09255503085824114,0.09445267752574087,0.0938439984059768,0.09287727274517506,0.09269824947465621,0.09362917048135419,0.09319951463210897,0.0938439984059768,0.09434526356342955,0.09527618457012753,0.0939514123682881,0.09287727274517506,0.09473911475857101,0.09706641727531595,0.09663676142607074,0.0980331429361177,0.0983553848230516,0.10050366406927772,0.10079010130210786,0.10071849199390032,0.10250872469908874,0.10376188759272063,0.10394091086323946,0.10218648281215482,0.10433476205838092,0.10462119929121107,0.10680528319154094,0.10770039954413514,0.10744976696540877,0.10770039954413514,0.10744976696540877,0.10748557161951254,0.10870292985904066,0.11006350671498386,0.11020672533139893,0.11038574860191777,0.11117345099220068,0.10995609275267255,0.11142408357092705,0.11246241853993633,0.11418104193691721,0.11486133036488881,0.11500454898130388,0.1161144932585207,0.11550581413875664,0.11661575841597346,0.11640093049135085,0.11879984231630333,0.11933691212785985,0.12080490294611436,