# R script for Peak Model
#  -- generated by MACS
p <- c(0.01921386424658257,0.022399582670886417,0.025933739047848497,0.029268788023291584,0.03190696109341821,0.03170785369189921,0.0320065147941777,0.0320065147941777,0.03235495274683593,0.0321060684949372,0.0320065147941777,0.0321060684949372,0.031110531487342243,0.030513209282785274,0.030861647235443507,0.030264325030886535,0.029467895424810573,0.02867146581873461,0.028621688968354864,0.029219011172911837,0.02892035007063335,0.02867146581873461,0.029019903771392845,0.02931856487367133,0.029667002826329565,0.03056298613316502,0.031508746290380224,0.03175763054227897,0.03125986203848149,0.030463432432405527,0.031807407392658714,0.031508746290380224,0.03185718424303846,0.0321060684949372,0.0321060684949372,0.031508746290380224,0.030861647235443507,0.030961200936203002,0.03170785369189921,0.032155845345316944,0.03125986203848149,0.03160829999113972,0.03121008518810174,0.03145896944000048,0.03175763054227897,0.031309638888861235,0.03225539904607644,0.03205629164455745,0.031956737943797955,0.03285272125063341,0.0330518286521524,0.03310160550253215,0.0339975888093676,0.03374870455746887,0.03300205180177265,0.033151382352911894,0.03354959715594988,0.03364915085670937,0.034146919360506844,0.033300712904051136,0.03349982030557013,0.03389803510860811,0.033599374006329626,0.03374870455746887,0.033798481407848614,0.034246473061266346,0.03335048975443088,0.0340971425101271,0.03389803510860811,0.03474424156506382,0.03529178691924104,0.03554067117113978,0.0351424563681018,0.03529178691924104,0.035889109123798016,0.03663576187949423,0.03653620817873473,0.036088216525317005,0.036237547076456246,0.03573977857265877,0.034794018415443564,0.03519223321848155,0.0351424563681018,0.03598866282455751,0.03658598502911448,0.03578955542303852,0.036088216525317005,0.03703397668253221,0.03733263778481069,0.03718330723367145,0.03763129888708918,0.036436654477975235,0.03748196833594994,0.03658598502911448,0.03593888597417776,0.03698419983215246,0.03703397668253221,0.036436654477975235,0.035889109123798016,0.036237547076456246,0.03628732392683599,0.03628732392683599,0.03569000172227902,0.03578955542303852,0.03638687762759549,0.03603843967493726,0.03633710077721574,0.0361877702260765,0.037233084084051196,0.037382414635190445,0.03728286093443094,0.038178844241266406,0.03822862109164615,0.038726389595443625,0.038726389595443625,0.03763129888708918,0.036884646131392966,0.0371335303832917,0.03663576187949423,0.0361877702260765,0.03613799337569675,0.03633710077721574,0.03668553872987398,0.036088216525317005,0.03583933227341827,0.03698419983215246,0.037382414635190445,0.03733263778481069,0.03718330723367145,0.03847750534354489,0.03897527384734236,0.039373488650380345,0.03967214975265883,0.03942326550076009,0.039821480303798076,0.03992103400455757,0.03997081085493732,0.03992103400455757,0.03977170345341832,0.03912460439848161,0.038875720146582866,0.03802951369012716,0.03743219148557019,0.03792995998936766,0.03758152203670943,0.037382414635190445,0.03768107573746893,0.03857705904430438,0.038726389595443625,0.038178844241266406,0.03832817479240565,0.0382783979420259,0.03842772849316514,0.03812906739088665,0.038527282193924636,0.038178844241266406,0.038178844241266406,0.03778062943822842,0.03763129888708918,0.0371335303832917,0.03763129888708918,0.03743219148557019,0.03832817479240565,0.039522819201519586,0.03882594329620312,0.038726389595443625,0.038925496996962614,0.039224158099241103,0.03927393494962085,0.04007036455569681,0.040219695106836054,0.040866794161772774,0.040817017311393027,0.04126500896481075,0.04141433951595,0.04161344691746899,0.04280809132658293,0.04290764502734242,0.04325608298000066,0.043803628334177884,0.043654297783038636,0.04355474408227914,0.0434054135311399,0.04171300061822848,0.04191210801974747,0.04260898392506394,0.04240987652354495,0.0423600996731652,0.042857868176962674,0.04300719872810192,0.042509430224304444,0.04290764502734242,0.04211121542126646,0.04355474408227914,0.04410228943645637,0.043654297783038636,0.04260898392506394,0.04275831447620318,0.04171300061822848,0.040568133059494284,0.041663223767848735,0.04216099227164621,0.04355474408227914,0.04320630612962091,0.04325608298000066,0.043305859830380405,0.04410228943645637,0.0444507273891146,0.045944032900507026,0.04753689211265895,0.04688979305772223,0.04589425605012728,0.04499827274329182,0.046242694002785516,0.04629247085316526,0.04574492549898804,0.045595594947848796,0.04634224770354501,0.046790239356962735,0.04773599951417794,0.04833332171873491,0.049229305025570366,0.04997595778126658,0.04947818927746911,0.04912975132481087,0.050075511482026075,0.050573279985823553,0.04942841242708936,0.04927908187595011,0.048731536521772895,0.04803466061645643,0.04813421431721592,0.04898042077367163,0.04942841242708936,0.050224842033165316,0.05102127163924128,0.050921717938481784,0.05067283368658305,0.05042394943468431,0.04947818927746911,0.051568816993418504,0.051668370694178,0.05141948644227926,0.05141948644227926,0.05191725494607674,0.05211636234759573,0.0528132382529122,0.05410743636278563,0.05510297337038059,0.05619806407873503,0.05535185762227932,0.055949179826836296,0.055302080771899575,0.05535185762227932,0.054854089118481844,0.05535185762227932,0.0547047585673426,0.05455542801620336,0.05380877526050715,0.05425676691392488,0.054505651165823614,0.05341056045746916,0.05440609746506412,0.05435632061468437,0.05460520486658311,0.054854089118481844,0.056496725181013514,0.057143824235950234,0.058587352896962916,0.057143824235950234,0.0578407001412667,0.05968244360531736,0.06062820376253256,0.06077753431367181,0.061723294470887015,0.06112597226633004,0.061076195415950295,0.060229988959494586,0.05953311305417812,0.06167351762050727,0.061922401872406004,0.06167351762050727,0.06232061667544399,0.06296771573038071,0.06431169069063389,0.06406280643873515,0.06371436848607692,0.06466012864329213,0.06525745084784909,0.06590454990278581,0.06530722769822885,0.06495878974557061,0.06475968234405162,0.06466012864329213,0.06261927777772247,0.06451079809215288,0.06525745084784909,0.06675075635924152,0.06854272297291243,0.0692395988782289,0.07128044974379855,0.07371951541240618,0.07446616816810239,0.07605902738025432,0.07824920879696322,0.07994162170987464,0.08103671241822907,0.08213180312658352,0.08183314202430504,0.08367488548835571,0.08317711698455822,0.08352555493721646,0.08496908359822913,0.08546685210202662,0.08696015761341905,0.08596462060582409,0.08661171966076081,0.08696015761341905,0.08795569462101399,0.08656194281038106,0.08735837241645703,0.08865257052633047,0.08800547147139375,0.08959833068354567,0.08934944643164693,0.08959833068354567,0.09094230564379885,0.09124096674607733,0.0909920824941786,0.09253516485595077,0.09328181761164699,0.09333159446202674,0.0939289166665837,0.09338137131240648,0.09457601572152043,0.09621865178405209,0.09517333792607739,0.09562132957949512,0.0969653045397483,0.09721418879164705,0.09771195729544452,0.09835905635038124,0.09771195729544452,0.0979110646969635,0.0972639656420268,0.0983092795000015,0.10035013036557114,0.09995191556253316,0.09880704800379897,0.09885682485417872,0.10049946091671039,0.09965325446025468,0.10109678312126735,0.1013456673731661,0.10164432847544458,0.10035013036557114,0.0993545933579762,0.10159455162506484,0.1042825015455712,0.10393406359291298,0.10398384044329272,0.1045811626478497,0.10627357556076111,0.10781665792253328,0.10841398012709025,0.11000683933924217,0.11169925225215359,0.11199791335443209,0.11125126059873587,0.11388943366886249,0.1146360864245587,0.11712492894354608,0.11792135854962205,0.11921555665949549,0.12060930847012842,0.1210075232731664,0.12050975476936891,0.12220216768228034,0.12329725839063478,0.12324748154025504,0.12364569634329302,0.12354614264253352,0.12319770468987529,0.12304837413873605,0.12374525004405251,0.1251887787050652,0.12722962957063486,0.12762784437367283,0.12877271193240702,0.12882248878278676,0.1304153479949387,0.1315602155536729,0.1336508432696223,0.13434771917493876,