# R script for Peak Model
#  -- generated by MACS
p <- c(0.043331113244502784,0.05041799352753242,0.05760738413288167,0.06462592420103155,0.07188536352663255,0.07211772025722368,0.07217410093449947,0.07212626278408366,0.07198445683820819,0.07191099110721245,0.07202033545102005,0.07215189036466356,0.07185973594605265,0.07219289449359141,0.07215872438615153,0.07196566327911626,0.07172647252703714,0.07159150060264964,0.07151632636628193,0.0713335162914786,0.07117633379725519,0.07110457657163145,0.07137110340966246,0.07108749151791152,0.07078850307781263,0.07072528837904886,0.07063986311044919,0.07062961207821722,0.07088588788401627,0.07093714304517608,0.07086880283029633,0.07081925617450852,0.07081413065839254,0.07102769382989174,0.0714155245493343,0.07113703817369933,0.07146336269975012,0.07153682843074585,0.07135572686131451,0.07157099853818571,0.07154024544148983,0.07165129829066942,0.07169059391422528,0.07148044775347005,0.07138647995801041,0.0717093874733172,0.07144798615140217,0.07157783255967369,0.0715231603877699,0.07154024544148983,0.07167692587124933,0.07176235113984901,0.07172134701092116,0.07183581687084474,0.07174355758075708,0.07169571943034125,0.07167350886050533,0.07135743536668651,0.07137281191503446,0.07119512735634712,0.07111482760386341,0.07097302165798794,0.07101402578691579,0.07092347500220013,0.07103623635675171,0.07126175906585487,0.07150094981793398,0.07183923388158872,0.07191953363407243,0.07201179292416007,0.07210917773036371,0.07219289449359141,0.07207329911755185,0.0722475666654952,0.07211088623573571,0.07204767153697195,0.0718426508923327,0.07158466658116167,0.07167009184976135,0.0716598408175294,0.07159150060264964,0.0713881884633824,0.07147703074272607,0.07118316781874316,0.07134547582908256,0.07125834205511088,0.07135743536668651,0.07133009928073461,0.07110970208774743,0.07104477888361167,0.07104990439972765,0.07115241472204728,0.07107382347493557,0.07114045518444333,0.07085342628194839,0.07075945848648874,0.07091664098071215,0.0710926170340275,0.07126346757122687,0.07133693330222259,0.07151120085016593,0.07139331397949839,0.07155903900058176,0.07176747665596499,0.07196395477374426,0.07205621406383192,0.07188536352663255,0.07181531480638081,0.07161712818322954,0.07156074750595376,0.071492407291074,0.0716820513873653,0.07157099853818571,0.07150607533404996,0.07149753280719,0.07142919259231024,0.07132155675387465,0.07130105468941073,0.07151803487165391,0.07159150060264964,0.07127542710883082,0.07118829333485914,0.07119512735634712,0.0713335162914786,0.0714667797104941,0.07162054519397354,0.07188536352663255,0.07189390605349252,0.07194174420390834,0.07202887797788002,0.07214334783780359,0.07231761538574694,0.07242354271881055,0.07226636022458713,0.07226636022458713,0.07219972851507937,0.07209209267664378,0.07212455427871166,0.0721125947411077,0.07223048161177527,0.07255509763245406,0.07253630407336213,0.07256022314857004,0.07273278219114139,0.07275157575023333,0.07277720333081324,0.0728130819436251,0.0728643371047849,0.07287287963164488,0.0727310736857694,0.0724355022564145,0.07256022314857004,0.07249359143906228,0.07248334040683033,0.07254826361096609,0.07272253115890943,0.07295830490024456,0.0732145807060436,0.07332050803910721,0.07351015213539851,0.0736177879738341,0.07343668640440278,0.07366904313499391,0.07366733462962193,0.07362633050069407,0.07360411993085815,0.07351869466225847,0.07340764181307889,0.07333246757671116,0.07306252372793617,0.07294976237338459,0.07297709845933649,0.0729190092766887,0.07296343041636054,0.0730027260399164,0.07303689614735627,0.07321970622215958,0.07318211910397572,0.07333759309282714,0.07349648409242256,0.07377667897342952,0.0738586872312852,0.07381597459698537,0.07393044445690894,0.07403466328460055,0.07402612075774058,0.07382793413458932,0.0738603957366572,0.07369637922094581,0.0738091405754974,0.07391506790856099,0.07394411249988489,0.07410471200485229,0.07397999111269675,0.07409787798336431,0.07408079292964438,0.07436269631602334,0.07452500432636273,0.07475394404620987,0.07475736105695387,0.07483253529332158,0.07503072191647285,0.07504609846482078,0.07508368558300466,0.07508197707763266,0.07512981522804847,0.07499996881977695,0.0749623817015931,0.07494358814250117,0.07511614718507253,0.07509735362598059,0.07523574256111208,0.07543222067889135,0.07551081192600306,0.07531091679747981,0.07569020499006239,0.07582517691444988,0.07604215709669308,0.07626426279505226,0.07639069219257978,0.07669651465416664,0.07653078963308327,0.07654104066531522,0.07689128426657392,0.07711851548104907,0.07686223967525004,0.07684857163227408,0.07677681440665035,0.0768161100302062,0.07681098451409023,0.07673068476160652,0.07698183505128958,0.07689982679343389,0.07680073348185826,0.07682465255706618,0.07713389202939702,0.07729278302899244,0.07767207122157502,0.07748413563065572,0.07747559310379575,0.07758322894223135,0.07756443538313942,0.07770111581289892,0.07804452539266964,0.07820683340300903,0.07820341639226504,0.07830080119846868,0.07811628261829337,0.07853144942368782,0.07867667238030729,0.07861345768154351,0.0789141546270144,0.07890732060552642,0.07890048658403845,0.07903887551916994,0.07922681111008924,0.07935153200224478,0.07954117609853606,0.07939937015266059,0.07952750805556012,0.07973936272168733,0.07978036685061518,0.08000076404360236,0.07989996222665473,0.07994780037707055,0.08010327436592198,0.08004860219401817,0.08019895066675362,0.0803100035159332,0.08063974505272797,0.08072004480521168,0.08062607700975202,0.08054406875189633,0.08080376156843937,0.08097290360026674,0.0810668713957264,0.0814119894808691,0.0816528887383202,0.08149058072798081,0.08155892094286056,0.08158454852344046,0.08175881607138381,0.08198946429660296,0.08195529418916309,0.08201167486643887,0.08179982020031167,0.08177077560898777,0.08154354439451261,0.08215689782305834,0.08213810426396641,0.08238754604827747,0.08254302003712889,0.0828112553805319,0.08306411417558696,0.08327426033634218,0.08350149155081733,0.08368771863636464,0.08421393829093868,0.08452830327938551,0.0849878912244518,0.08557220006167363,0.08644524630676238,0.08730462450887518,0.0879470225287448,0.08862700766679826,0.0897460786854541,0.09070796720988653,0.09121368479999664,0.09199618026036972,0.09263003575337937,0.09299053038687002,0.09295123476331417,0.09297515383852209,0.0932399721711811,0.09361926036376368,0.09373543872905926,0.09382598951377492,0.09405151222287808,0.09418990115800957,0.0942035692009855,0.09456918935059215,0.0949587285754067,0.09526284253162157,0.09558404154155638,0.09572413898205985,0.09589328101388722,0.09621277151845004,0.09661768729161253,0.09670311256021222,0.09697818192510319,0.09706019018295889,0.09726691933297012,0.09730792346189797,0.09739505723586964,0.09762228845034479,0.09766841809538862,0.09763253948257676,0.09762057994497281,0.09769404567596852,0.09800328514829938,0.09816559315863878,0.09842528597518181,0.09889512495248005,0.09897884171570774,0.09894125459752388,0.0991514007582791,0.09937179795126629,0.099448680693006,0.09978696475666074,0.09982967739096058,0.09989801760584033,0.09995610678848811,0.09994927276700014,0.10052845608810598,0.10092995485052449,0.10115718606499964,0.10138954279559077,0.10170049077329363,0.10180470960098523,0.10201656426711245,0.10212078309480406,0.10227284007291149,0.10232238672869931,0.10212420010554804,0.10228479961051545,0.10228650811588744,0.10210711505182811,0.10211565757868808,0.10206952793364425,0.10212420010554804,0.10230017615886339,0.10253424139482652,0.1025393669109425,0.1025649944915224,0.10262650068491418,0.10304166749030863,0.1034517087795871,0.10376265675728995,0.10422224470235623,0.10437259317509168,0.10468866666891051,0.10467841563667854,0.10511408450653692,0.10537548582845195,0.105361817785476,0.10540965593589183,0.10544382604333169,0.10532252216192015,0.10544895155944768,0.10574793999954656,0.10572060391359467,0.10580944619293833,0.10572231241896665,0.10584190779500621,0.10606913900948137,0.10627757666486459,0.10617848335328896,0.10654922901901158,0.1065441035028956,