# R script for Peak Model
#  -- generated by MACS
p <- c(0.025896787365888557,0.03029777422247075,0.0343622150253143,0.03854746723206404,0.043043377334572516,0.04332814707235136,0.043466217248244135,0.04328500014238487,0.04287078961470654,0.04268957250884728,0.04278449575477356,0.042931195316659634,0.043362664616324556,0.04376824575800958,0.04352662295019723,0.043716469442049787,0.04340581154629105,0.04358702865215031,0.04388042777592246,0.04389768654790906,0.04389768654790906,0.04352662295019723,0.043569769880163714,0.043302258914371464,0.043699210670063195,0.043146929966492095,0.04302611856258592,0.04300885979059932,0.043198706282451885,0.04305200672056581,0.04285353084271995,0.043181447510465286,0.04275860759679367,0.04284490145672665,0.04230987952514215,0.04268957250884728,0.04292256593066634,0.04329362952837817,0.043302258914371464,0.04360428742413691,0.04390631593390235,0.043750986986022984,0.04374235760002969,0.043750986986022984,0.044389561549527064,0.044717478217272406,0.04481240146319869,0.04470884883127911,0.04492458348111157,0.045105800586970834,0.04481240146319869,0.04504539488501775,0.04573574576448162,0.04596010980030738,0.04568396944852183,0.04567534006252853,0.045804780852428006,0.0458306690104079,0.04600325673027387,0.046089550590206856,0.046382949713979,0.0463915790999723,0.04611543874818675,0.04600325673027387,0.046175844450139836,0.045908333484347585,0.0458479277823945,0.04536468216676979,0.04523524137687031,0.045321535236803295,0.045589046202595546,0.04575300453646822,0.04546823479868937,0.04564945190454864,0.045269758920843506,0.04557178743060895,0.04557178743060895,0.045908333484347585,0.04575300453646822,0.04543371725471618,0.044950471639091466,0.04470884883127911,0.044950471639091466,0.04414793874171471,0.044286008917607485,0.04408753303976162,0.044286008917607485,0.044286008917607485,0.04443270847949356,0.044303267689594084,0.04416519751370131,0.044286008917607485,0.0442083444436678,0.044838289621178584,0.04494184225309816,0.044605296199359525,0.044303267689594084,0.044389561549527064,0.04454489049740644,0.04463981374333272,0.044950471639091466,0.0447433663752523,0.04509717120097754,0.044821030849191985,0.044950471639091466,0.04520072383289712,0.04518346506091052,0.04490732470912497,0.04463118435733942,0.04432052646158068,0.04410479181174822,0.04470021944528581,0.044303267689594084,0.044389561549527064,0.04426012075962759,0.04429463830360078,0.044501743567439946,0.044657072515319314,0.04441544970750696,0.044821030849191985,0.04506265365700434,0.045036765499024446,0.04526112953485021,0.04544234664070947,0.04575300453646822,0.04609817997620015,0.04626213831007282,0.046322544012025915,0.046892083487583607,0.04696974796152329,0.04718548261135575,0.046745383925697534,0.046728125153710935,0.046693607609737744,0.04657279620583157,0.046193103222126435,0.04625350892407953,0.04671949576771764,0.04643472602993879,0.04661594313579806,0.04671086638172434,0.046961118575529995,0.046624572521791356,0.046805789627650626,0.04657279620583157,0.04698700673350989,0.04715959445337586,0.04702152427748309,0.04726314708529544,0.04738395848920162,0.04766872822698046,0.04770324577095366,0.048065679982672194,0.048065679982672194,0.04839359665041753,0.048583443142270095,0.04818649138657837,0.048315932176477845,0.048315932176477845,0.04837633787843094,0.047996644894725805,0.04816060322859848,0.048712883932169576,0.04920475893378758,0.0496448576194458,0.04978292779533858,0.050067697533117426,0.050300690954936486,0.05043013174483596,0.05058546069271533,0.050689013324634914,0.05036109665688957,0.04987785104126486,0.049886480427258156,0.04998140367318444,0.05028343218294989,0.050775307184567894,0.050568201920728736,0.050300690954936486,0.050300690954936486,0.05037835542887617,0.05080982472854109,0.05110322385231324,0.05089611858847407,0.05108596508032664,0.050386984814869466,0.05011084446308392,0.05032657911291638,0.05066312516665502,0.050438761130829256,0.050689013324634914,0.050637237008675125,0.0507839365705612,0.05081845411453439,0.050559572534735434,0.05114637078227973,0.05111185323830653,0.05092200674645397,0.05102555937837355,0.05150017560800496,0.051655504555884336,0.052095603241542554,0.05250118438322758,0.052475296225247686,0.05230270850538172,0.052156008943495646,0.052475296225247686,0.05258747824316056,0.05244940806726779,0.051992050609622975,0.0518539804337302,0.0518367216617436,0.05166413394187763,0.05194890367965648,0.052276820347401824,0.052596107629153864,0.05277732473501313,0.05298442999885229,0.05353671070242339,0.05452909009165271,0.05504685325125061,0.05536614053300266,0.055771721674687684,0.056324002378258776,0.05637577869421857,0.056893541853816475,0.05696257694176286,0.057178311591595324,0.05761841027725354,0.05768744536519993,0.05757526334728705,0.057558004575300456,0.057480340101360765,0.05761841027725354,0.058084397120891654,0.05795495633099218,0.05823972606877103,0.05881789493032202,0.05868845414042255,0.05865393659644935,0.059534133967765794,0.059887938793491025,0.05995697388143741,0.05974123923160495,0.05992245633746422,0.06022448484722966,0.06025037300520956,0.0600260089693838,0.05997423265342401,0.06021585546123637,0.0595082458097859,0.05936154624789982,0.059352916861906524,0.05979301554756474,0.060336666865142545,0.06027626116318945,0.06069047169086778,0.06102701774460642,0.06149300458824453,0.06128589932440537,0.062243761169661495,0.06286507696117898,0.06359857477060935,0.06408182038623406,0.06400415591229437,0.06448740152791908,0.06461684231781856,0.06424577872010673,0.06465135986179175,0.06579906819890044,0.06595439714677981,0.06580769758489374,0.06670515372819678,0.06649804846435761,0.06666200679823028,0.06745591030961375,0.06854321294476934,0.06970818005386463,0.07004472610760326,0.07021731382746924,0.07054523049521458,0.0714426866385176,0.0714426866385176,0.0726421712915861,0.07306501120525771,0.07298734673131803,0.07290105287138504,0.07246958357172012,0.07286653532741184,0.07275435330949898,0.07293557041535824,0.07266805944956599,0.07296145857333813,0.0726421712915861,0.0731254169072108,0.07347059234694274,0.07372947392674169,0.07502388182573645,0.0752827634055354,0.0758954498110596,0.0764304717426441,0.07670661209442964,0.07744010990386001,0.07831167788918315,0.07926953973443927,0.07996851999989645,0.08069338842333351,0.08136648053081079,0.08217764281418084,0.08262637088583236,0.08304058141351069,0.08429184238253895,0.08485275247210335,0.08580198493136618,0.08552584457958062,0.0862420836170244,0.08655274151278314,0.08655274151278314,0.08701009897042795,0.0872776099362202,0.08770907923588513,0.08823547178147634,0.08826135993945623,0.08805425467561706,0.08858064722120827,0.08853750029124177,0.08851161213326188,0.0889517108189201,0.08926236871467884,0.09035830073582775,0.09068621740357308,0.0911263160892313,0.09123849810714418,0.09153189723091633,0.0922653950403467,0.09267097618203173,0.09351665600937496,0.09400853101099298,0.09448314724062438,0.09459532925853727,0.09557044987577999,0.09564811434971968,0.09635572400117015,0.09758109681221852,0.09829733584966228,0.09908260997505244,0.09966940822259673,0.10037701787404721,0.10110188629748428,0.1015160968251626,0.10183538410691464,0.10252573498637851,0.10333689726974857,0.10329375033978207,0.10338004419971505,0.10405313630719233,0.10480389288860929,0.10494196306450207,0.10439831174692427,0.10523536218827421,0.10583078982181181,0.1063916999113762,0.10647799377130919,0.10731504421265914,0.10854904640970081,0.10936020869307087,0.11031807053832698,0.11122415606762331,0.11291551572230982,0.11312262098614898,0.11361449598776699,0.11427895870925096,0.1156941780121519,0.1162291999437364,0.11655711661148174,0.11671244555936111,0.11659163415545494,0.11712665608703944,0.11743731398279818,0.11827436442414813,0.11922359688341096,0.12040582276449284,0.12056978109836551,0.12110480302995001,0.12150175478564174,0.12230428768301849,0.12319311444032822,0.12345199602012719,0.12413371751359775,0.12466873944518225,0.12492762102498121,0.12455655742726937,0.12556619558848528,