# R script for Peak Model
#  -- generated by MACS
p <- c(0.02804175516314693,0.033419174094432756,0.03816977732207177,0.043217293251438214,0.04773696437773366,0.048363780081380474,0.047374071075622345,0.04730809047523847,0.0469781874733191,0.04730809047523847,0.04734108077543041,0.04618642026871259,0.04651632327063197,0.046285391169288405,0.04618642026871259,0.04648333297044003,0.047011177773511034,0.0469781874733191,0.047110148674086846,0.04694519717312716,0.04661529417120778,0.04744005167600622,0.04727510017504653,0.04694519717312716,0.04730809047523847,0.046648284471399716,0.046747255371975535,0.046285391169288405,0.04569156576583353,0.04539465306410609,0.04536166276391415,0.044075041056428586,0.04361317685374146,0.0433822447523979,0.04301935145028659,0.0436461671539334,0.043844108955085025,0.04394307985566084,0.0449657791616109,0.04562558516544966,0.045889507566985156,0.04651632327063197,0.0469781874733191,0.04757201287677397,0.04770397407754172,0.046747255371975535,0.04618642026871259,0.04668127477159165,0.04668127477159165,0.04631838146948034,0.0469781874733191,0.047374071075622345,0.047868925578501406,0.047143138974278784,0.047868925578501406,0.04892461518464341,0.049320498786946665,0.049221527886370846,0.04892461518464341,0.04925451818656279,0.04918853758617891,0.0501452562917451,0.05037618839308866,0.05159682950019035,0.05186075190172586,0.05139888769903873,0.05162981980038229,0.05209168400306942,0.053114383309019485,0.053477276611130796,0.05351026691132273,0.052784480307100104,0.05258653850594848,0.05222364520383717,0.05139888769903873,0.051431877999230664,0.05232261610441298,0.05195972280230167,0.051167955597695165,0.051662810100574226,0.052157664603453294,0.052388596704796855,0.05242158700498879,0.05314737360921142,0.05314737360921142,0.05367521841228242,0.05271849970671623,0.05268550940652429,0.053609237811898545,0.05285046090748398,0.05242158700498879,0.05209168400306942,0.052388596704796855,0.05159682950019035,0.052388596704796855,0.05209168400306942,0.05261952880614042,0.05255354820575654,0.05162981980038229,0.051530848899806476,0.05110197499731129,0.05169580040076616,0.05186075190172586,0.05268550940652429,0.05285046090748398,0.052982422108251735,0.05275149000690817,0.05281747060729204,0.052883451207675916,0.05354325721151467,0.05512679162072767,0.05502782072015186,0.054598946817656674,0.05449997591708086,0.053741199012666295,0.053609237811898545,0.05354325721151467,0.05367521841228242,0.05327933480997917,0.05245457730518073,0.051893742201917795,0.051035994396927416,0.05126692649827098,0.050937023496351604,0.05172879070095811,0.05219065490364523,0.051563839199998414,0.051167955597695165,0.05133290709865485,0.05126692649827098,0.05133290709865485,0.05149785859961454,0.050937023496351604,0.050904033196159666,0.0498813338902096,0.049683392089057976,0.050805062295583854,0.05047515929366448,0.050904033196159666,0.05113496529750323,0.05037618839308866,0.051167955597695165,0.050673101094816105,0.050673101094816105,0.05106898469711935,0.0512009458978871,0.050442168993472536,0.05110197499731129,0.050904033196159666,0.050937023496351604,0.051431877999230664,0.051431877999230664,0.05169580040076616,0.05192673250210973,0.05242158700498879,0.05172879070095811,0.05192673250210973,0.05205869370287748,0.05242158700498879,0.051761781001150045,0.05162981980038229,0.051167955597695165,0.0512009458978871,0.05139888769903873,0.05073908169519998,0.051431877999230664,0.05258653850594848,0.05301541240844367,0.053609237811898545,0.05476389831861636,0.055456694622647046,0.05562164612360674,0.055555665523222865,0.05588556852514224,0.05737013203377943,0.057667044735506864,0.05700723873166812,0.05588556852514224,0.05578659762456643,0.05499483041995992,0.05512679162072767,0.05515978192091961,0.055456694622647046,0.055225762521303484,0.05443399531669699,0.054466985616888924,0.055357723722071234,0.056545374528980986,0.05661135512936486,0.057799005936274614,0.0577000350356988,0.05796395743723431,0.05842582163992143,0.05776601563608268,0.058359841039537556,0.059151608244144054,0.059217588844527935,0.05882170524222468,0.05918459854433599,0.060108326949710245,0.06043822995162962,0.06063617175278125,0.06175784195930713,0.06212073526141844,0.06172485165911519,0.06017430755009412,0.05967945304721506,0.06030626875086187,0.06020729785028606,0.05895366644299243,0.05859077314088112,0.05941553064567956,0.059580482146639246,0.06060318145258931,0.060570191152397375,0.061328968056811935,0.06142793895738775,0.06221970616199425,0.06175784195930713,0.06301147336660075,0.06380324057120726,0.06380324057120726,0.06311044426717656,0.06304446366679269,0.06367127937043951,0.0635723084698637,0.06390221147178307,0.06344034726909593,0.06466098837619763,0.0641001532729347,0.0638362308713992,0.06353931816967175,0.06396819207216695,0.06353931816967175,0.06373725997082338,0.06449603687523794,0.06492491077773313,0.06512285257888475,0.06423211447370245,0.06396819207216695,0.06386922117159113,0.06390221147178307,0.06386922117159113,0.0647269689765815,0.06495790107792507,0.06475995927677344,0.06416613387331857,0.06406716297274276,0.06413314357312663,0.06502388167830894,0.0646279980760057,0.06475995927677344,0.06561770708176382,0.06495790107792507,0.06423211447370245,0.06538677498042025,0.0657826585827235,0.06601359068406706,0.06614555188483483,0.0667393772882897,0.06772908629404782,0.06828992139731076,0.06858683409903821,0.06974149460575602,0.07175390291746421,0.07224875742034327,0.07313949552552558,0.07340341792706108,0.07462405903416278,0.0745580784337789,0.07548180683915315,0.07538283593857734,0.0753498456383854,0.07515190383723377,0.07432714633243534,0.07383229182955628,0.07449209783339503,0.07518489413742571,0.0748220008353144,0.07475602023493053,0.07323846642610139,0.07436013663262728,0.07416219483147565,0.07498695233627409,0.07544881653896121,0.07594367104184027,0.07422817543185953,0.07330444702648527,0.07386528212974822,0.07337042762686914,0.07449209783339503,0.07459106873397084,0.07475602023493053,0.07422817543185953,0.0748220008353144,0.07442611723301115,0.07627357404375966,0.07759318605143715,0.07887980775892273,0.08036437126755991,0.08099118697120672,0.08095819667101478,0.08191491537658098,0.08435619759078436,0.08501600359462311,0.08643458650287643,0.08749027610901842,0.08880988811669593,0.08920577171899918,0.08996454862341374,0.09042641282610087,0.09118518973051544,0.09082229642840411,0.08973361652207018,0.08996454862341374,0.09003052922379762,0.08963464562149437,0.09026146132514118,0.08953567472091856,0.08983258742264599,0.09128416063109125,0.09148210243224288,0.0932635786426075,0.09474814215124469,0.09491309365220438,0.09501206455278019,0.09610074445911414,0.09573785115700281,0.09699148256429645,0.09761829826794326,0.09745334676698357,0.09847604607293364,0.09860800727370139,0.098278104271782,0.0989709005758127,0.10085134768675313,0.10068639618579345,0.1012472312890564,0.1002905125834902,0.10088433798694507,0.10190703729289514,0.10325963960076458,0.10358954260268396,0.10517307701189696,0.10662465022034222,0.10675661142110997,0.10669063082072609,0.10797725252821165,0.11015461234087953,0.10979171903876822,0.10939583543646497,0.10827416522993909,0.10777931072706003,0.10649268901957447,0.10566793151477602,0.10517307701189696,0.10685558232168578,0.10685558232168578,0.10685558232168578,0.10744940772514065,0.10860406823185847,0.10952779663723272,0.11154020494894092,0.1127608460560426,0.11378354536199267,0.11404746776352817,0.11467428346717498,0.11493820586871048,0.11503717676928629,0.11533408947101373,0.11427839986487173,0.11414643866410398,0.11384952596237655,0.11447634166602336,0.11411344836391205,0.11497119616890242,0.11612585667562024,0.1168846335800348,0.11708257538118642,0.11678566267945899,0.11810527468713648,0.11932591579423818,0.1208434696030673,0.12120636290517862,0.12176719800844156,0.1218001883086335,0.1205795472015318,0.12054655690133986,0.12130533380575444,0.12265793611362387,0.12265793611362387,0.12278989731439162,0.12381259662034169,0.12361465481919007,0.12354867421880619,