# R script for Peak Model
#  -- generated by MACS
p <- c(0.017369630375672053,0.02001375224662456,0.022777422180891408,0.025421544051843915,0.028093794878870385,0.027861730991260193,0.027601538147576037,0.027552312474446602,0.02743979665015075,0.027580441430520564,0.027474957845243203,0.027594505908557547,0.02781250531813076,0.028002375771630006,0.0281570850300368,0.028564954893109264,0.028571987132127753,0.02874076086857153,0.028789986541700965,0.028804051019737948,0.029169727448699466,0.029162695209680973,0.02931037222906928,0.029563532833734946,0.02973230657017872,0.029795596721345137,0.02991514478465948,0.029851854633493064,0.030020628369936842,0.02992217702367797,0.030041725086992314,0.03040740151595383,0.029795596721345137,0.029556500594716453,0.029626822984901362,0.029556500594716453,0.029598694028827397,0.02999953165288137,0.030097982999140238,0.03040740151595383,0.03009095076012175,0.030154240911288165,0.030843400335100253,0.031068431983691955,0.03099107735448856,0.0311879800470063,0.03132862482737611,0.03110359317878441,0.03109656093976592,0.030773077944915347,0.031223141242098754,0.031075464222710448,0.031075464222710448,0.031293463632283657,0.03147630184676442,0.031532559758912344,0.03155365647596781,0.0313356570663946,0.0317927526025965,0.03236236396309425,0.03257333113364897,0.03283352397733313,0.03336094190371993,0.033262490557461055,0.03360003803034861,0.03386726311305126,0.03416261715182787,0.03459861597097429,0.034500164624715425,0.03470409955625165,0.03466190612214071,0.034732228512325616,0.03415558491280938,0.03468300283919618,0.03437358432238259,0.03460564820999278,0.03454235805882637,0.03477442194643656,0.03492209896582486,0.03499945359502826,0.03500648583404675,0.035140098375398075,0.035590161672581486,0.03542138793613771,0.0358081610821547,0.03556203271650752,0.03578003212608073,0.03571674197491431,0.03582222556019168,0.035625322867673934,0.035843322277247146,0.035843322277247146,0.03582222556019168,0.03576596764804375,0.0360331927307464,0.03613164407700527,0.035920676906450545,0.03612461183798678,0.03606132168682036,0.03604022496976489,0.03578706436509922,0.035899580189395076,0.035913644667432056,0.03613164407700527,0.03589254795037659,0.03605428944780187,0.03613164407700527,0.0361035151209313,0.03620196646719018,0.036223063184245646,0.03651138498400377,0.036391836920689424,0.0366379652863366,0.036778610066706414,0.03681377126179887,0.03681377126179887,0.03690519036903925,0.03687002917394679,0.03715131873468642,0.03735525366622265,0.037411511578370575,0.03765763994401775,0.03765763994401775,0.03762951098794379,0.03753809188070341,0.03751699516364794,0.03761544650990681,0.037573253075795864,0.03762951098794379,0.03824131578255248,0.03838899280194079,0.0387546692309023,0.03876170146992079,0.03880389490403174,0.03942976417667741,0.03978137612760194,0.03996421434208271,0.04040021316122913,0.04055492241963592,0.04018924599067441,0.04003453673226761,0.03993608538600874,0.039837634039749874,0.040231439424785354,0.040379116444173656,0.040372084205155166,0.04082214750233857,0.04104717915093027,0.041173759453263105,0.04137066214578085,0.04184885439903822,0.04184885439903822,0.042411433520517475,0.042741948754386534,0.042741948754386534,0.042966980402978236,0.042812271144571444,0.042650529647146156,0.04279117442751597,0.043367818027032205,0.04338188250506919,0.043747558934030706,0.04376865565108618,0.043677236543845796,0.043346721309976737,0.043515495046420515,0.04393039714851146,0.04426794462139902,0.04411323536299222,0.04388820371440052,0.04407807416789977,0.04400775177771486,0.044127299841029206,0.043838978041271084,0.04438046044569487,0.04476723359171186,0.04465471776741601,0.0448094270258228,0.044928975089137145,0.04495007180619262,0.04497820076226658,0.04546342525454244,0.04565329570804169,0.04623697154657642,0.04605413333209566,0.046011939897984716,0.04637058408792774,0.046785486190018696,0.04725664620425757,0.047439484418738326,0.04793877338905117,0.04805128921334702,0.0481427083205874,0.04787548323788475,0.0485224492275859,0.04859277161777081,0.048374772208197594,0.048311482057031174,0.04858573937875232,0.04888812565654742,0.04889515789556591,0.048923286851639866,0.049373350148823276,0.0500343806165614,0.050407089284541406,0.050653217650188584,0.050955603927983685,0.05077979795252142,0.05091341049387274,0.05091341049387274,0.05099779736209463,0.05149005409338898,0.05160960215670332,0.051665860068851245,0.051581473200629356,0.051820569327258044,0.05218624575621956,0.05290353413610561,0.05302308219941995,0.05326217832604864,0.05375443505734299,0.05337469415034449,0.053620822515991665,0.05407088581317507,0.05444359448115508,0.05467565836876527,0.05520307629515207,0.05523120525122604,0.05568830078742793,0.05618758975774077,0.05634229901614757,0.05696816828879324,0.057228361132477396,0.05742526382499514,0.057601069800457406,0.058086294292733265,0.057601069800457406,0.05786126264414156,0.0577557790588642,0.05817771339997364,0.058789518194582335,0.05912706566746989,0.059647451354838205,0.059893579720485375,0.060596803622334446,0.060667126012519355,0.06167976843118202,0.062256412030698254,0.06234783113793863,0.06281899115217751,0.06280492667414053,0.06339563475169376,0.06364176311734092,0.06416918104372772,0.06392305267808056,0.06421840671685716,0.06471769568717001,0.06473879240422548,0.0654068551109821,0.06510446883318699,0.06558266108644437,0.06560375780349983,0.06544904854509304,0.06541388735000059,0.06614524020792362,0.06663046470019948,0.06682033515369873,0.06735478531910402,0.06800175130880516,0.06899329701041236,0.06910581283470821,0.06968948867324294,0.07048413168233239,0.07103967856479315,0.07117329110614448,0.07151083857903202,0.07197496635425242,0.07255160995376865,0.07285399623156376,0.07356425237243132,0.07407760582078114,0.07437295985955775,0.07468941061538983,0.07536450556116493,0.07613805185319891,0.07673579216977063,0.07715772651088007,0.07805785310524688,0.07867669013887406,0.07836727162206047,0.0789509474605952,0.0790986244799835,0.08042771765447825,0.0805472657177926,0.08059649139092202,0.08086371647362467,0.08170055291682507,0.08184119769719488,0.08255848607708094,0.08353596730065115,0.08459080315342475,0.08565267124521685,0.0850127374945342,0.08606054110828931,0.08715053815615537,0.08778343966781953,0.0880295680334667,0.08865543730611238,0.08898595253998144,0.08960478957360862,0.09021659436821731,0.09079323796773356,0.09184807382050716,0.09227000816161661,0.09298729654150266,0.09381710074568456,0.09480161420827327,0.09550483811012234,0.09632761007528574,0.09683393128461708,0.09729102682081897,0.09841618506377749,0.09951321435066203,0.10035005079386243,0.10096185558847112,0.10160882157817226,0.10152443470995037,0.102565206084687,0.10369036432764552,0.10530777930189839,0.10572971364300783,0.10633448619859802,0.10662280799835615,0.1072627417490388,0.10783938534855504,0.10863402835764449,0.11001234720526866,0.1105116361755815,0.1110460863409868,0.11106015081902378,0.11167195561363247,0.11229782488627815,0.11341595089021816,0.11436530315771441,0.11494194675723066,0.11531465542521066,0.11577878320043104,0.11590536350276388,0.116193685302522,0.11651013605835409,0.11737510145762844,0.11822600237886581,0.11843696954942054,0.11889406508562243,0.11987154630919264,0.1208138663376704,0.12167179949792627,0.12304308610653195,0.12360566522801121,0.12485037153428406,0.12566611126042898,0.12674907606927655,0.12742417101505166,0.12821178178512263,0.12820474954610414,0.1295901006327468,0.13061680752944643,0.1308699681341121,0.1322482869817363,0.13298667207867781,0.13392195986813707,0.13478692526741143,0.13649575934890468,0.13742401489934544,0.1388163982250066,0.13909768778574624,0.13990639527287269,0.1410174890377942,0.14179806756884666,0.14316935417745236,0.14430154465942938,0.14449141511292862,0.14513838110262975,0.14630573277969922,0.1483591465730985,0.14958978840133438,0.15075010783938536,0.15153068637043782,0.15254332878910049,0.153654422554022,0.1544068721290005,0.15521557961612695,0.15618602860067868,0.1569947360878051,