# R script for Peak Model
#  -- generated by MACS
p <- c(0.01734509736802506,0.02102087959171249,0.024390346630092635,0.027721524270309366,0.030784676123382225,0.030363492743584707,0.03040178214174812,0.030325203345421298,0.030286913947257885,0.030325203345421298,0.030937833716035867,0.03059322913256517,0.03055493973440176,0.03116757010501633,0.03089954431787246,0.03132072769766998,0.031971647466447956,0.0321248050591016,0.03223967325359183,0.03281401422604299,0.03289059302236982,0.03300546121686005,0.03281401422604299,0.031780200475630904,0.0324694096425723,0.03281401422604299,0.03166533228114067,0.03166533228114067,0.032316252049918656,0.03181848987379431,0.03132072769766998,0.031129280706852922,0.03101441251236269,0.031205859503179743,0.030325203345421298,0.029827441169296958,0.03051665033623835,0.030325203345421298,0.02948283658582626,0.029559415382153082,0.029635994178479903,0.02940625778949944,0.02944454718766285,0.02932967899317262,0.03005717755827742,0.030631518530728583,0.03055493973440176,0.030363492743584707,0.03047836093807494,0.03055493973440176,0.031129280706852922,0.030937833716035867,0.031205859503179743,0.03189506867012114,0.03208651566093819,0.032163094457265014,0.0324694096425723,0.033311776402167335,0.03403927496727214,0.03415414316176237,0.03377124918012826,0.034575326541559884,0.034919931125030584,0.03472848413421353,0.03446045834706966,0.0342690113562526,0.03423072195808919,0.03446045834706966,0.0346136159397233,0.03484335232870376,0.03522624631033787,0.035111378115847636,0.035302825106664694,0.03580058728278903,0.035915455477279264,0.03637492825524019,0.03652808584789383,0.036106902468096315,0.035494272097481745,0.035455982699318336,0.035532561495645154,0.035455982699318336,0.0353411145048281,0.03465190533788671,0.03480506293054035,0.03442216894890624,0.034115853763598956,0.03361809158747462,0.03400098556910872,0.03400098556910872,0.03407756436543555,0.035302825106664694,0.03465190533788671,0.03495822052319399,0.03472848413421353,0.03465190533788671,0.03446045834706966,0.034881641726867176,0.035149667514011045,0.03503479931952082,0.0346136159397233,0.03312032941135028,0.03380953857829167,0.03403927496727214,0.034345590152579424,0.033924406772781905,0.03400098556910872,0.03419243255992578,0.03380953857829167,0.03419243255992578,0.034881641726867176,0.035494272097481745,0.03541769330115492,0.0349965099213574,0.03480506293054035,0.03618348126442314,0.03717900561667182,0.036719532838710885,0.03760018899646934,0.03775334658912298,0.036719532838710885,0.036872690431364534,0.03664295404238407,0.037025848024018176,0.036681243440547476,0.036145191866259724,0.03580058728278903,0.03660466464422066,0.03629834945891337,0.036872690431364534,0.03794479357994003,0.03756189959830592,0.03836597695973755,0.038289398163410725,0.03932321191382282,0.03951465890463987,0.039820974089947156,0.04093136663668607,0.04066334084954219,0.040242157469744674,0.040203868071581265,0.04054847265505196,0.0399741316826008,0.04035702566423491,0.041007945433012886,0.041237681821993354,0.04192689098893475,0.04054847265505196,0.040433604460561726,0.040433604460561726,0.0407016302477056,0.04116110302566653,0.04127597122015676,0.041773733396281106,0.04146741821097382,0.041773733396281106,0.04127597122015676,0.041390839414646996,0.041773733396281106,0.04162057580362746,0.041390839414646996,0.04127597122015676,0.042003469785261566,0.04169715459995428,0.041773733396281106,0.0421183379797518,0.04208004858158839,0.04269267895220296,0.043573335109961406,0.04380307149894187,0.044377412471393034,0.04483688524935396,0.04479859585119055,0.04487517464751737,0.04464543825853691,0.044377412471393034,0.044568859462210085,0.04476030645302714,0.04483688524935396,0.04483688524935396,0.04468372765670032,0.045143200434661246,0.045947277796092874,0.04602385659241969,0.046483329370380626,0.046521618768544035,0.04698109154650496,0.0467513551575245,0.04636846117589039,0.04617701418507334,0.046100435388746516,0.04583240960160264,0.04525806862915148,0.046483329370380626,0.047095959740995195,0.04759372191711953,0.048474378074877984,0.04885727205651209,0.04916358724181937,0.04943161302896325,0.05008253279774123,0.04939332363079984,0.04912529784365596,0.048704114463858444,0.047708590111609765,0.04759372191711953,0.046559908166707444,0.046483329370380626,0.046483329370380626,0.04801490529691705,0.04858924626936821,0.049623060019780306,0.04992937520508759,0.04973792821427053,0.050886610159172854,0.0510397677518265,0.051460951131624015,0.05153752992795084,0.052226739094892234,0.05207358150223859,0.052188449696728825,0.05226502849305564,0.05260963307652634,0.0531839740489775,0.053451999836121374,0.05406463020673595,0.054256077197553,0.0553281803461285,0.055021865160821214,0.05444752418837005,0.05433265599387982,0.05475383937367734,0.0553281803461285,0.056361994096540594,0.05544304854061873,0.05574936372592602,0.05601738951306989,0.055596206133272374,0.05590252131857966,0.05678317747633811,0.05705120326348198,0.057166071457972215,0.0570894926616454,0.056553441087357645,0.05670659868001129,0.056744888078174696,0.05697462446715516,0.05789357002307702,0.057740412430423375,0.05777870182858679,0.05842962159736477,0.058123306412057485,0.05839133219920136,0.05865935798634524,0.059884618727574376,0.061837378033908326,0.06229685081186925,0.06195224622839856,0.06321579636779111,0.06440276771085685,0.0638667161365691,0.06513026627596165,0.06647039521168102,0.0660492118318835,0.06616408002637374,0.06474737229432755,0.06528342386861528,0.06593434363739327,0.06616408002637374,0.06543658146126893,0.06723618317494924,0.06777223474923699,0.06754249836025653,0.06830828632352474,0.06911236368495637,0.06968670465740752,0.0703376244261855,0.07022275623169527,0.07079709720414644,0.07167775336190488,0.0720989367417024,0.07125656998210736,0.07156288516741464,0.072060647343539,0.07190748975088535,0.07267327771415356,0.07297959289946085,0.07378367026089247,0.0742431430388534,0.07451116882599727,0.07416656424252659,0.07470261581681432,0.0756598507708996,0.07623419174335076,0.07715313729927262,0.0774594524845799,0.0774594524845799,0.07807208285519447,0.07849326623499199,0.08079063012479663,0.0813649710972478,0.08281996822745741,0.08255194244031352,0.08370062438521585,0.08408351836684996,0.084925885126445,0.08523220031175228,0.08615114586767414,0.08684035503461553,0.08615114586767414,0.08661061864563506,0.08645746105298142,0.08772101119237398,0.0885250885538056,0.08952061290605429,0.08955890230421769,0.09063100545279319,0.09147337221238823,0.0924688965646369,0.09262205415729055,0.09411534068566357,0.09468968165811473,0.09537889082505613,0.0952640226305659,0.09625954698281457,0.09725507133506325,0.09836546388180216,0.09897809425241673,0.09890151545608991,0.09890151545608991,0.09809743809465829,0.10058624897527998,0.1010457217532409,0.10177322031834571,0.10108401115140432,0.10296019166141145,0.10353453263386261,0.10410887360631377,0.10410887360631377,0.10544900254203314,0.10694228907040616,0.10575531772734043,0.10571702832917702,0.10575531772734043,0.10682742087591593,0.10613821170897454,0.10701886786673298,0.10751663004285732,0.10820583920979872,0.10935452115470104,0.11130728046103498,0.11264740939675436,0.11429385351778103,0.11551911425901017,0.1159785870369711,0.11590200824064427,0.11605516583329792,0.11651463861125884,0.11685924319472954,0.11697411138921977,0.11659121740758567,0.11823766152861233,0.11881200250106348,0.12149226037250224,0.1231387044935289,0.12444054403108487,0.1252829107906799,0.12608698815211153,0.12681448671721632,0.12704422310619679,0.1270825125043602,0.12627843514292858,0.12578067296680423,0.12401936065128735,0.12482343801271897,0.12685277611537973,0.12876724602355027,0.12937987639416484,0.13114118870968175,0.13290250102519863,0.13477868153520575,0.13692288783235676,0.1395648563056321,0.14197708838992698,0.1423982717697245,0.14224511417707086,0.14190050959360015,0.14400642649258774,0.1459974751970851,0.14699299954933379,0.1466483949658631,0.14691642075300695,0.14622721158606558,0.1470312889474972,