# R script for Peak Model
#  -- generated by MACS
p <- c(0.0263573083874163,0.031139884506100706,0.03602874009408921,0.040359628468231205,0.04514220458691562,0.04511563471958959,0.045035925117611515,0.04484993604632934,0.04492964564830742,0.044477957903765006,0.04466394697504718,0.044291968832482834,0.043760571485962345,0.0443716784344609,0.04381371122061439,0.044026270159222586,0.04389342082259246,0.043787141353288365,0.04333545360874595,0.04368086188398427,0.04418568936317874,0.04442481816911296,0.04461080724039512,0.043787141353288365,0.044026270159222586,0.04413254962852668,0.04362772214933222,0.044026270159222586,0.04498278538295947,0.044531097638417054,0.04421225923050476,0.044531097638417054,0.04391999068991849,0.04410597976120066,0.043521442680028125,0.04336202347607197,0.04405284002654861,0.04360115228200619,0.042804056262225464,0.04293690559885558,0.042591497323617264,0.042086669844422796,0.04251178772163919,0.04264463705826931,0.04320260427211583,0.04394656055724451,0.043787141353288365,0.04397313042457054,0.04410597976120066,0.04421225923050476,0.0446905168423732,0.04461080724039512,0.04442481816911296,0.044318538699808854,0.044504527771091026,0.044026270159222586,0.04386685095526644,0.04439824830178693,0.04418568936317874,0.04391999068991849,0.04357458241468017,0.044079409893874634,0.045035925117611515,0.04508906485226356,0.04439824830178693,0.044770226444351274,0.044956215515633446,0.04482336617900332,0.04540790326017586,0.045965870474022376,0.046019010208674424,0.04564703206611008,0.04482336617900332,0.0449030757809814,0.045726741668088156,0.0460987198106525,0.0460987198106525,0.04591273073937033,0.04591273073937033,0.046019010208674424,0.046736396626477085,0.046736396626477085,0.04670982675915106,0.04684267609578118,0.04633784861658672,0.045328193658197784,0.04543447312750189,0.045035925117611515,0.044770226444351274,0.0445842373730691,0.04463737710772115,0.045753311535414176,0.045726741668088156,0.04508906485226356,0.04511563471958959,0.045328193658197784,0.044956215515633446,0.0449030757809814,0.04487650591365537,0.04439824830178693,0.04341516321072402,0.04203353010977075,0.04245864798698714,0.04370743175131029,0.04381371122061439,0.043282313874093904,0.04320260427211583,0.04360115228200619,0.0431760344047898,0.04386685095526644,0.04439824830178693,0.044717086709699226,0.04439824830178693,0.043521442680028125,0.04394656055724451,0.04514220458691562,0.045275053923545736,0.044717086709699226,0.04567360193343611,0.045248484056219715,0.04538133339284984,0.045035925117611515,0.0449030757809814,0.045009355250285495,0.04445138803643898,0.043999700291896565,0.044318538699808854,0.04442481816911296,0.04386685095526644,0.04434510856713488,0.04466394697504718,0.04474365657702525,0.045275053923545736,0.04466394697504718,0.04522191418889369,0.04562046219878406,0.04593930060669635,0.047480352911605773,0.048197739329408434,0.04864942707395085,0.04801175025812626,0.04825087906406048,0.04835715853336458,0.04902140521651519,0.04973879163431785,0.04955280256303568,0.04997792044025207,0.04872913667592892,0.04809145986010433,0.04793204065614819,0.048808846277907,0.049233964155123384,0.049154254553145316,0.04965908203233978,0.048941695614537116,0.049154254553145316,0.048994835349189164,0.049393383359079536,0.0500044903075781,0.04965908203233978,0.048968265481863144,0.049180824420471336,0.04960594229768773,0.049393383359079536,0.04976536150164388,0.05029675884816437,0.04995135057292605,0.05032332871549039,0.05056245752142461,0.05034989858281642,0.050854726062010885,0.050456178052120514,0.05066873699072871,0.050695306858054734,0.05050931778677256,0.050163909511534245,0.05082815619468486,0.05050931778677256,0.050403038317468465,0.050907865796662934,0.051146994602597154,0.05170496181644366,0.05207693995900801,0.05252862770355043,0.053113164784722965,0.05255519757087645,0.05231606876494223,0.0527146167748326,0.05244891810157235,0.052581767438202476,0.052103509826334035,0.052369208499594276,0.05207693995900801,0.05300688531541887,0.05308659491739694,0.054122819743111894,0.05446822801835021,0.054601077354980335,0.05462764722230636,0.054601077354980335,0.05523875417080493,0.05515904456882685,0.05491991576289263,0.053830551202525626,0.05340543332530923,0.053060025050070916,0.05220978929563813,0.05178467141842174,0.05220978929563813,0.05303345518274489,0.053352293590657185,0.05343200319263526,0.05329915385600514,0.05351171279461333,0.05414938961043792,0.05420252934508997,0.05545131310941312,0.05595614058860759,0.05659381740443217,0.0567266667410623,0.0567266667410623,0.05693922567967049,0.05733777368956086,0.057762891566777254,0.05752376276084303,0.05829428891329774,0.058241149178645694,0.059277374004360645,0.058985105463774376,0.058267719045971715,0.05829428891329774,0.05840056838260184,0.05909138493307847,0.06015417962611946,0.06002133028948933,0.06034016869740163,0.0603135988300756,0.05946336307564282,0.05941022334099077,0.060233889228097526,0.06095127564590019,0.0615092428597467,0.06087156604392212,0.06012760975879343,0.05991505082018524,0.06007447002414138,0.06018074949344548,0.06079185644194404,0.06103098524787826,0.06103098524787826,0.06079185644194404,0.06036673856472765,0.06132325378846453,0.061456103125094655,0.06251889781813563,0.06315657463396022,0.06387396105176288,0.06448506800026145,0.06512274481608604,0.06541501335667231,0.06565414216260652,0.06607926003982292,0.06631838884575714,0.06621210937645304,0.06647780804971329,0.06517588455073808,0.06541501335667231,0.06483047627549976,0.06506960508143399,0.06469762693886964,0.06541501335667231,0.06602612030517087,0.06631838884575714,0.06666379712099546,0.06666379712099546,0.06815170969125282,0.06815170969125282,0.06844397823183909,0.06868310703777332,0.06979904146546635,0.07033043881198683,0.07017101960803068,0.07043671828129093,0.0709415457604854,0.07080869642385527,0.07059613748524708,0.07091497589315937,0.0712603841683977,0.07176521164759216,0.07176521164759216,0.07165893217828806,0.0721371897901565,0.07264201726935096,0.07304056527924134,0.07428934904356449,0.07476760665543293,0.07545842320590956,0.07633522882766837,0.07705261524547104,0.07912506489690094,0.07973617184539951,0.08034727879389807,0.08040041852855012,0.08159606255822122,0.08202118043543762,0.0830839751284786,0.08356223274034703,0.0848375863719962,0.08592695093236322,0.08579410159573309,0.08712259496203431,0.08823852938972734,0.08943417341939845,0.0905766777144175,0.09158633267280643,0.09145348333617631,0.09129406413222016,0.09137377373419824,0.09201145055002283,0.09198488068269679,0.09169261214211052,0.09190517108071873,0.0926491273658474,0.09238342869258717,0.09291482603910765,0.09392448099749659,0.09559838263903613,0.09605007038357855,0.09594379091427445,0.0959969306489265,0.09583751144497035,0.09716600481127158,0.09721914454592362,0.0977239720251181,0.09814908990233448,0.09992927101317813,0.1001152600844603,0.10147032331808754,0.10139061371610947,0.10213457000123816,0.10293166602101889,0.10176259185867381,0.1020814302665861,0.10226741933786827,0.10232055907252033,0.10147032331808754,0.10216113986856418,0.10216113986856418,0.10255968787845454,0.10325050442893119,0.10455242792790638,0.10572150209025147,0.1059872007635117,0.10686400638527052,0.1079268010783115,0.10813936001691969,0.10843162855750596,0.10821906961889777,0.1080330805476156,0.10808622028226764,0.10853790802681006,0.10928186431193875,0.11045093847428382,0.11167315237128095,0.1122842593197795,0.11244367852373566,0.11294850600293012,0.11355961295142869,0.1144364185731875,0.11544607353157643,0.11552578313355451,0.11557892286820655,0.11459583777714365,0.11358618281875471,0.11353304308410267,0.11568520233751065,0.11706683543846393,0.11783736159091864,0.11948469336513215,0.12025521951758686,0.12129144434330182,0.12285906651553725,0.12530349430953153,0.12764164263422167,0.12841216878667638,0.12774792210352576,0.12703053568572312,0.1283324591846983,0.12934211414308724,0.1300595005608899,0.13019234989752002,0.1304846184381063,0.13035176910147617,0.1304846184381063,