# R script for Peak Model
#  -- generated by MACS
p <- c(0.01797877930033643,0.021033326752731105,0.02398537261276354,0.02697841910974087,0.029848463695883516,0.0299714656067182,0.029274454778654986,0.029540958918796805,0.029868964014355962,0.02972546178504883,0.02980746305893862,0.029520458600324356,0.029376956371017223,0.029397456689489673,0.029704961466576384,0.0299714656067182,0.029848463695883516,0.029766462421993725,0.029397456689489673,0.029581959555741697,0.02947945796337946,0.030647976116308966,0.031057982485757918,0.031078482804230364,0.031016981848813022,0.03126298567048239,0.03179599395076602,0.03150898949215176,0.03224700095715987,0.03237000286799455,0.03263650700813637,0.03171399267687623,0.03220600032021497,0.03230850191257721,0.03232900223104966,0.031406487899789524,0.03111948344117526,0.03132448662589973,0.031160484078120155,0.031303986307427284,0.03093498057492323,0.03128348598895484,0.030688976753253862,0.03054547452394673,0.030258470065332464,0.030504473887001834,0.030401972294639597,0.031016981848813022,0.031057982485757918,0.030955480893395677,0.03165249172145889,0.03183699458771092,0.03181649426923847,0.03210349872785274,0.032349502549522104,0.032923511466750634,0.033497520383979164,0.0332105159253649,0.0332515165623098,0.03394852739037301,0.03392802707190056,0.03388702643495567,0.03382552547953833,0.034235531848987276,0.03474803981079846,0.03444053503371175,0.034543036626073984,0.03476854012927091,0.034235531848987276,0.034051028982735244,0.034133030256625035,0.03370252356870364,0.03444053503371175,0.034112529938152586,0.03384602579801077,0.03376402452412098,0.0339895280273179,0.034112529938152586,0.034707039173853566,0.034727539492326015,0.034789040447743357,0.0356295535051137,0.03552705191275146,0.03548605127580657,0.03589605764525552,0.03667506974720852,0.03675707102109831,0.036818571976515654,0.03708507611665747,0.03675707102109831,0.03704407547971258,0.03718757770901971,0.03718757770901971,0.03782308758166558,0.038048591084862506,0.037946089492500265,0.037946089492500265,0.038028090766390056,0.03784358790013803,0.03829459490653187,0.038520098409728795,0.037925589174027816,0.03763858471541355,0.037392580893744184,0.037454081849161526,0.03757708375999621,0.037433581530689077,0.037413081212216634,0.03782308758166558,0.03784358790013803,0.03780258726319313,0.03774108630777579,0.03827409458805942,0.03893010477917774,0.038499598091256346,0.03839709649889411,0.03833559554347677,0.0384790977727839,0.03831509522500432,0.038499598091256346,0.03837659618042166,0.03882760318681551,0.038602099683618586,0.038540598728201245,0.03934011114862669,0.03938111178557159,0.03931961083015425,0.03925810987473691,0.04028312579835928,0.040221624842941936,0.040795633760170466,0.04075463312322557,0.041267141085036756,0.04143114363281634,0.04095963630795004,0.04153364522517857,0.04204615318698976,0.04221015573476934,0.041738648409903045,0.04216915509782444,0.04134914235892655,0.04218965541629689,0.04196415191309997,0.04159514618059591,0.04192315127615508,0.042333157645604025,0.04216915509782444,0.04237415828254892,0.042415158919493816,0.04243565923796626,0.04264066242269074,0.04249716019338361,0.04294816719977745,0.04317367070297437,0.04300966815519479,0.042804664970470314,0.043973183123399824,0.044547192040628354,0.04487519713618751,0.045469706371888484,0.04635122006620373,0.046720225798707785,0.047355735671353656,0.04770424108538526,0.04827825000261379,0.04846275286886582,0.04805274649941687,0.04797074522552708,0.04813474777330666,0.047806742677747496,0.04739673630829855,0.04762223981149547,0.04690472866495981,0.04694572930190471,0.047294234715936315,0.04745823726371589,0.04706873121273939,0.047417236626771,0.047663240448440364,0.04751973821913323,0.04743773694524345,0.047191733123574074,0.04844225255039337,0.04844225255039337,0.0485857547797005,0.048298750321086235,0.048975260830677006,0.049487768792488195,0.05018477962055141,0.05088179044861462,0.05151730032126049,0.05200930796459923,0.05123029586264623,0.0518658057352921,0.05194780700918189,0.05284982102196958,0.052726819111134894,0.052624317518772654,0.0522553117862686,0.052706318792662445,0.05309582484363894,0.053280327709890975,0.05397733853795419,0.053772335353229714,0.054407845225875585,0.05453084713671027,0.055350859875608165,0.05530985923866327,0.054920353187686774,0.05469484968448985,0.05516635700935614,0.055535362741860196,0.05569936528963977,0.05561736401574999,0.0554943621049153,0.055555863060332646,0.055371360194080614,0.05612987197756117,0.057093386945766204,0.05729839013049068,0.057175388219655995,0.057072886627293755,0.05703188599034886,0.05781089809230187,0.058220904461750815,0.05854890955730997,0.058774413060506896,0.05899991656370382,0.059348421977735426,0.060311936945940454,0.06066044235997206,0.0607219433153894,0.06043493885677514,0.06043493885677514,0.05996343153190885,0.05996343153190885,0.06020943535357822,0.060475939493720036,0.06025043599052311,0.05947142388857011,0.06018893503510577,0.06025043599052311,0.06125495159567304,0.06207496433457094,0.06281297579957905,0.06330498344291778,0.06389949267861876,0.06424799809265037,0.06459650350668197,0.06508851115002072,0.06541651624557987,0.06633903057684001,0.06761005032213176,0.06793805541769092,0.06857356529033679,0.06890157038589595,0.06935257739228978,0.06961908153243161,0.07111560478092027,0.07240712484468446,0.0725506270739916,0.07273512994024363,0.07271462962177118,0.07392414841164557,0.07464165955818124,0.075318170067772,0.07513366720151998,0.075318170067772,0.07517466783846487,0.07505166592763018,0.07552317325249648,0.07654818917611884,0.07658918981306374,0.07619968376208724,0.07581017771111075,0.07591267930347298,0.07671219172389843,0.0769581955455678,0.07650718853917396,0.07683519363473311,0.07771670732904835,0.07798321146919017,0.07771670732904835,0.0776962070105759,0.07954123567309618,0.08023824650115939,0.08181677102353785,0.0826572840809082,0.08298528917646736,0.08337479522744386,0.08413330701092442,0.08390780350772749,0.08505582134218455,0.08528132484538148,0.08497382006829476,0.08474831656509783,0.08435881051412134,0.08524032420843658,0.0875363598773507,0.08808986847610678,0.08772086274360272,0.08884838025958733,0.09038590414502089,0.09200542930434424,0.09294844395407682,0.09530598057840829,0.09633099650203066,0.09684350446384185,0.09754051529190506,0.09901653822192127,0.09975454968692939,0.10067706401818952,0.10082056624749665,0.10256309331765469,0.1028705980947414,0.10317810287182812,0.10379311242600153,0.10393661465530867,0.10350610796738727,0.10383411306294643,0.10496163057893104,0.10541263758532489,0.10594564586560852,0.10547413854074222,0.10613014873186055,0.10699116210770335,0.108487685356192,0.10971770446453885,0.1105992181588541,0.11203424045192542,0.11207524108887032,0.11322325892332738,0.11463778089792626,0.11447377835014667,0.11515028885973744,0.11486328440112317,0.11474028249028849,0.11469928185334359,0.11576529841391087,0.11631880701266695,0.11687231561142303,0.11738482357323421,0.11736432325476176,0.11869684395547085,0.11920935191728203,0.12011136593006973,0.12099287962438496,0.12142338631230636,0.12125938376452679,0.12168989045244819,0.12367842134427558,0.1235554194334409,0.12503144236345712,0.1258924557392999,0.1265279656119458,0.12806548949737934,0.12767598344640285,0.12978751624906493,0.13148904268227807,0.13101753535741179,0.1308125321726873,0.13216555319186885,0.1323295557396484,0.13345707325563302,0.1345230898162003,0.1358556105169094,0.13757763726859495,0.13819264682276838,0.13934066465722544,0.14198520574017118,0.14278471816059662,0.14352272962560472,0.14444524395686487,0.14460924650464446,0.14643377484869227,0.14657727707799942,0.14752029172773198,0.14840180542204723,0.1486888098806615,0.14840180542204723,0.15006233121831547,0.15090284427568582,0.15190735988083576,0.15330138153696218,0.15487990605934063,0.1552899124287896,0.1554334146580967,0.15588442166449057,0.1574219455499241,0.1582009576518771,0.15842646115507406,0.159020970390775,0.15998448535898005,0.161952515932335,