# R script for Peak Model
#  -- generated by MACS
p <- c(0.04313234808522396,0.050487077157507214,0.05751743658710109,0.0646976406885895,0.07193954553732862,0.07180027813639134,0.0720259265834796,0.0720417924899155,0.07206294703183003,0.0720417924899155,0.07178793798694119,0.07156228953985293,0.07178264935146256,0.0717491546600979,0.0716028357451891,0.07149001152164497,0.07135426987769343,0.0710951267392405,0.07109865249622625,0.07111451840266214,0.07110746688869063,0.07108454946828323,0.07096643660926047,0.07083069496530893,0.07057331470534887,0.07065969575149986,0.07056626319137736,0.07055039728494147,0.07056097455589873,0.07058741773329189,0.07082893208681605,0.07110922976718351,0.07108102371129747,0.07122734262620628,0.07150940318506661,0.07143536228836578,0.0714335994098729,0.07161693877313212,0.07162575316559651,0.07167511376339707,0.07151292894205237,0.07123791989716353,0.07124497141113505,0.07123263126168491,0.07135779563467919,0.0716645364924398,0.07167335088490419,0.07156581529683868,0.07154994939040278,0.07159402135272472,0.07164867058600391,0.07158168120327457,0.07147414561520907,0.07137542441960795,0.07104576614143994,0.07085537526420921,0.07077604573202974,0.07094704494583882,0.07078486012449413,0.07076546846107248,0.07093646767488156,0.07088005556310949,0.07100169417911802,0.07098053963720348,0.07128551761647123,0.07142654789590139,0.07170155694079022,0.07183200994926313,0.07188137054706369,0.07189723645349957,0.07162399028710363,0.07182319555679874,0.07163985619353952,0.07150411454958798,0.07132430094331452,0.07114977597251969,0.07099816842213226,0.07070905634930041,0.07092941616091004,0.07078309724600125,0.07083774647928044,0.07068966468587877,0.07091531313296703,0.07127317746702108,0.0711180441596479,0.07116740475744845,0.07117093051443421,0.07122205399072765,0.07115859036498406,0.0711797449068986,0.0711867964208701,0.07124320853264217,0.07121852823374189,0.07112685855211229,0.07146709410123757,0.07146356834425181,0.07131901230783588,0.07118503354237722,0.0712714145885282,0.07119561081333449,0.07129962064441424,0.07140186759700111,0.07149706303561647,0.07142831077439427,0.07149001152164497,0.07158168120327457,0.07183553570624887,0.07196951447170753,0.07181438116433435,0.07192896826637137,0.07187079327610642,0.07157639256779594,0.07151116606355949,0.07127670322400684,0.07127670322400684,0.07119913657032025,0.07110041537471913,0.07134721836372192,0.0713489812422148,0.07152703196999538,0.0713877645690581,0.0716874539128472,0.07185316449117765,0.07218282276934566,0.07198361749965056,0.07198890613512919,0.07207528718128016,0.07203474097594399,0.0722339462456391,0.07200653492005796,0.0722339462456391,0.072350296226169,0.0721334621715451,0.07225157503056787,0.0724102340949268,0.0724878007486134,0.07254597573887835,0.07239436818849092,0.07224276063810349,0.07241375985191256,0.07267466586885837,0.07258828482270739,0.0727116863172088,0.07272578934515181,0.0725724189162715,0.0724807492346419,0.07237850228205503,0.07261296512160768,0.07282803629773868,0.07266056284091536,0.0723732136465764,0.07244020302930572,0.07251953256148519,0.0726112022431148,0.0726499855699581,0.07266056284091536,0.07280864463431704,0.07279983024185264,0.07270287192474441,0.07273989237309483,0.07295672642771871,0.07296201506319734,0.07285800523211759,0.07253716134641396,0.07278396433541676,0.07297964384812611,0.07287915977403212,0.07276104691500936,0.07268171738282989,0.07280688175582416,0.07261649087859343,0.07265351132694385,0.07276809842898087,0.07306426201578421,0.07305368474482696,0.07320352941672151,0.07334279681765879,0.07325289001452207,0.07357725965721144,0.07377117629142793,0.07394570126222276,0.07393336111277263,0.0739739073181088,0.0739739073181088,0.07400211337399483,0.07381348537525698,0.07387166036552192,0.0742207103071116,0.07407439139220279,0.07402855655138799,0.07414666941041076,0.07413785501794637,0.07434411180161299,0.07437055497900615,0.07456270873472975,0.07458386327664428,0.07448514208104316,0.0744199155768067,0.07453273980035084,0.07457328600568701,0.0746279352389662,0.07484300641509721,0.07489941852686928,0.07513211848792906,0.07501576850739916,0.07515856166532221,0.07532779800063841,0.07560985855949874,0.07558694113909134,0.07583374412809414,0.07596948577204567,0.07602589788381774,0.07598006304300294,0.07602589788381774,0.07613343347188324,0.07627093799432766,0.0762991440502137,0.07610346453750433,0.07618808270516243,0.07630795844267807,0.07637494782540741,0.07635731904047863,0.07641020539526494,0.07629209253624218,0.07651245234785183,0.07646838038552989,0.07670460610357542,0.07673281215946146,0.07682977047656969,0.07667111141221075,0.07670108034658966,0.07692849167217082,0.07692320303669219,0.07705541892365797,0.07712769694186593,0.07730751054813939,0.07725814995033883,0.07737802568785447,0.07745911809852682,0.07761072564891425,0.07757017944357808,0.07767418927465783,0.07782579682504526,0.0778381369744954,0.07766713776068632,0.07768124078862934,0.07783461121750965,0.07789631196476034,0.07802676497323324,0.07805849678610503,0.07824888766333576,0.07825770205580014,0.07819952706553521,0.07839520657824456,0.0786226179038257,0.07876012242627012,0.07872133909942683,0.07895051330350085,0.07911446100333841,0.07918321326456063,0.07932600642248366,0.07925196552578283,0.0796697677285947,0.07987073587678269,0.07996945707238381,0.07963451015873715,0.07982842679295364,0.0794846654868426,0.07954107759861467,0.07963274728024428,0.0795393147201218,0.07981256088651775,0.0796926851490021,0.0797156025694095,0.07982842679295364,0.0804701145643609,0.0804013623031387,0.08068165998350615,0.08088791676717277,0.08118408035397613,0.08136565683874247,0.0815172643891299,0.08150316136118689,0.08168826360293897,0.08180461358346887,0.08192625219947738,0.0821712923099873,0.08240046651406133,0.08227706501955993,0.08219420973039471,0.08231232258941747,0.0824022293925542,0.08281474295988744,0.08284823765125211,0.0829487217253461,0.08300865959410393,0.08306859746286174,0.08340178149801551,0.08404875790490142,0.08488259943203229,0.08560361673561902,0.08634049994564164,0.08679532259680393,0.08782836939362991,0.08878913817224793,0.08988917435180324,0.09113376656777447,0.09190943310464039,0.09251938906317587,0.09292661399503048,0.09344313739344347,0.0937410638587397,0.0943721743591897,0.09444974101287629,0.09460663719874235,0.09479350231898732,0.09462602886216401,0.09493276971992462,0.09511258332619808,0.09540874691300144,0.095357623436708,0.09584065214375632,0.09600107408660814,0.0961191869456309,0.09629900055190437,0.09626550586053971,0.09669035957732308,0.0967044626052661,0.09663747322253677,0.09666391639992993,0.09705703830384152,0.0971663367703999,0.09718749131231443,0.09739551097447392,0.09751891246897532,0.09763702532799809,0.09745192308624599,0.09752596398294683,0.09777452985044251,0.09805306465231708,0.09811476539956777,0.09797197224164474,0.09805659040930284,0.09833865096816317,0.09838624868747085,0.09857311380771583,0.09910197735557896,0.09939285230690367,0.09946865608209739,0.09929589398979544,0.0993523061015675,0.09959734621207741,0.09969254165069279,0.09972779922055032,0.10002925144283231,0.10037301274894335,0.10035538396401457,0.10029544609525676,0.10034304381456444,0.10050170287892338,0.10066212482177518,0.10101646339884349,0.10134435879851862,0.10141663681672658,0.10161231632943594,0.10127208078031066,0.10144131711562687,0.1018467791689886,0.10213412836332757,0.10242147755766653,0.10257308510805396,0.10253606465970354,0.10277934189172058,0.10301027897428748,0.10316893803864642,0.10361142054035857,0.10362552356830158,0.10410502651836416,0.10452459159966891,0.10466914763608483,0.1049794142508312,0.10509223847437534,0.1051645164925833,0.10553824673307324,0.10569866867592506,0.10598249211327827,0.10640558295156878,0.10625221252268846,0.10622048070981668,0.10645494354936934,0.10646375794183371,0.10662065412769978,0.10667706623947185,0.10676697304260858,0.10682867378985927,0.10686216848122394,0.10694678664888205,0.10687627150916695,0.10724823887116403,0.10748446458920956,