# R script for Peak Model
#  -- generated by MACS
p <- c(0.02381338840366614,0.028474971510987577,0.03223793618798199,0.03583240990929008,0.04021317475713433,0.04026933840902977,0.039258392674911866,0.03897757441543467,0.03824744694079396,0.03835977424458484,0.03852826520027116,0.03723650120667606,0.03712417390288518,0.03734882851046694,0.036955682947198865,0.03673102833961711,0.037573483118048694,0.038078955985107646,0.03841593789648028,0.03835977424458484,0.03892141076353923,0.03948304728249362,0.04038166571282065,0.04010084745334345,0.040493993016611524,0.04116795683935679,0.04071864762419328,0.039820029193866256,0.03993235649765713,0.04032550206092521,0.03953921093438906,0.03903373806733011,0.03864059250406204,0.0385844288521666,0.03740499216236238,0.038135119637003084,0.038696756155957475,0.03903373806733011,0.03920222902301643,0.039595374586284496,0.03908990171922555,0.03908990171922555,0.03903373806733011,0.04010084745334345,0.04111179318746135,0.039876192845761695,0.040493993016611524,0.04038166571282065,0.04122412049125223,0.041055629535565914,0.042740539092429086,0.04352683021896523,0.044537775953083135,0.04408846673791962,0.04363915752275611,0.04363915752275611,0.043919975782233306,0.04498708516824664,0.04403230308602418,0.044537775953083135,0.044313121345501374,0.04448161230118769,0.04358299387086067,0.04358299387086067,0.04481859421256033,0.04504324882014208,0.04459393960497857,0.044313121345501374,0.04498708516824664,0.044874757864455765,0.044874757864455765,0.044930921516351204,0.04571721264288735,0.04566104899099191,0.045155576123932964,0.04611035820615542,0.04672815837700525,0.04672815837700525,0.04678432202890069,0.04689664933269157,0.047177467592168766,0.04712130394027333,0.046615831073214375,0.04678432202890069,0.046952812984587006,0.04689664933269157,0.046952812984587006,0.04655966742131894,0.046054194554259985,0.046615831073214375,0.04639117646563262,0.04745828585164596,0.047570613155436835,0.04824457697818211,0.04858155888955474,0.04807608602249579,0.047514449503541396,0.047514449503541396,0.047851431414914034,0.04684048568079613,0.04672815837700525,0.04588570359857367,0.0465035037694235,0.045998030902364546,0.04554872168720103,0.04700897663648245,0.04633501281373718,0.04728979489595964,0.04773910411112316,0.04830074063007755,0.04863772254145018,0.04824457697818211,0.04712130394027333,0.046952812984587006,0.04740212219975052,0.04672815837700525,0.04740212219975052,0.04700897663648245,0.04639117646563262,0.04672815837700525,0.04773910411112316,0.04830074063007755,0.048413067933868424,0.04807608602249579,0.04846923158576386,0.048132249674391225,0.048750049845241054,0.049592504623672644,0.049592504623672644,0.050154141142627034,0.04919935906040457,0.04824457697818211,0.04936785001609088,0.05094043226916318,0.04970483192746352,0.04976099557935896,0.0485253952376593,0.04858155888955474,0.048413067933868424,0.04801992237060035,0.04740212219975052,0.048750049845241054,0.0485253952376593,0.047570613155436835,0.04919935906040457,0.04908703175661369,0.049873322883149836,0.05021030479452247,0.0508281049653723,0.050434959402104226,0.051108923224849494,0.05150206878811757,0.05195137800328108,0.05256917817413091,0.05234452356654915,0.05329930564877162,0.05324314199687618,0.05346779660445793,0.05374861486393513,0.055489688072693735,0.05526503346511198,0.05520886981321654,0.054928051553739345,0.05425408773099408,0.053973269471516885,0.05419792407909864,0.0544225786866804,0.05425408773099408,0.054591069642366714,0.05329930564877162,0.05436641503478496,0.05464723329426215,0.05526503346511198,0.056893779370079715,0.05739925223713866,0.05711843397766147,0.05678145206628883,0.05621981554733445,0.0564444701549162,0.05638830650302076,0.05650063380681164,0.055770506332170934,0.05537736076890286,0.0544225786866804,0.05324314199687618,0.05290616008550354,0.05391710581962145,0.05408559677530776,0.05374861486393513,0.05470339694615759,0.05419792407909864,0.0544225786866804,0.054029433123412324,0.05464723329426215,0.05560201537648462,0.05582666998406637,0.054928051553739345,0.054534905990471276,0.05436641503478496,0.05363628756014425,0.05419792407909864,0.0544225786866804,0.05498421520563479,0.05447874233857584,0.05464723329426215,0.05470339694615759,0.05588283363596181,0.05683761571818428,0.05762390684472042,0.05936498005347903,0.05930881640158359,0.0600389438762243,0.06110605326223764,0.06211699899635554,0.06357725394563696,0.06380190855321871,0.06324027203426433,0.06346492664184608,0.0636334175975324,0.0623416536039373,0.06284712647099625,0.06357725394563696,0.06267863551530993,0.06301561742668256,0.06245398090772818,0.06256630821151905,0.06284712647099625,0.0633525993380552,0.06211699899635554,0.06441970872406853,0.06554298176197731,0.06571147271766364,0.0659361273252454,0.06582380002145452,0.06565530906576819,0.0659361273252454,0.06661009114799066,0.06492518159112749,0.06677858210367697,0.06475669063544118,0.063071781078578,0.06368958124942783,0.06492518159112749,0.06571147271766364,0.06644160019230434,0.0669470730593633,0.06711556401504962,0.07054154678067139,0.06941827374276262,0.06958676469844893,0.0702607285211942,0.06964292835034437,0.06885663722380822,0.06874430992001734,0.06863198261622647,0.07037305582498507,0.07065387408446228,0.06891280087570366,0.0702607285211942,0.0709908559958349,0.07211412903374369,0.07250727459701176,0.07385520224250229,0.07396752954629317,0.07396752954629317,0.07239494729322088,0.07329356572354791,0.07419218415387492,0.07525929353988826,0.07520312988799283,0.0753154571917837,0.07525929353988826,0.07391136589439773,0.074585329717143,0.07464149336903844,0.07593325736263354,0.0766072211853788,0.07610174831831985,0.07570860275505178,0.07711269405243776,0.07615791197021529,0.07610174831831985,0.07829213074224198,0.07924691282446444,0.08003320395100058,0.08003320395100058,0.07885376726119636,0.08093182238132761,0.0817742771597592,0.08110031333701392,0.08227975002681814,0.08374000497609956,0.08368384132420412,0.08272905924198165,0.0822235863749227,0.08115647698890936,0.08289755019766798,0.08205509541923639,0.08272905924198165,0.08475095071021746,0.08486327801400834,0.08491944166590377,0.08531258722917184,0.08733447869740765,0.08997417033649328,0.09193989815283365,0.093007007538847,0.09390562596917401,0.09441109883623297,0.09396178962106946,0.09587135378551438,0.09817406351322738,0.09974664576629967,0.09997130037388142,0.09991513672198599,0.10244250105728074,0.10283564662054882,0.10530684730394814,0.10620546573427515,0.10794653894303377,0.10878899372146536,0.1092944665885243,0.10923830293662887,0.11024924867074677,0.11137252170865555,0.10912597563283799,0.10805886624682465,0.10749722972787026,0.10856433911388359,0.10878899372146536,0.10850817546198815,0.10721641146839306,0.10766572068355658,0.10693559320891587,0.10710408416460218,0.10856433911388359,0.11294510396172784,0.11255195839845977,0.11215881283519169,0.11305743126551872,0.11507932273375453,0.11586561386029066,0.11738203246146753,0.11861763280316719,0.11934776027780788,0.11867379645506262,0.1172135415057812,0.11755052341715384,0.11766285072094472,0.11805599628421279,0.11811215993610823,0.11828065089179454,0.11889845106264438,0.1197970694929714,0.12063952427140298,0.12148197904983457,0.12125732444225282,0.12243676113205704,0.12445865260029283,0.12423399799271108,0.12434632529650196,0.12659287137231953,0.12535727103061986,0.12563808929009707,0.1254134346825153,0.12721067154316934,0.1285585991886599,0.13024350874552307,0.12979419953035953,0.13035583604931394,0.12985036318225499,0.12934489031519603,0.12962570857467323,0.12968187222656866,0.13125445447964096,0.1311982908277455,0.13018734509362762,0.12968187222656866,0.13035583604931394,0.12962570857467323,0.13237772751754973,0.13254621847323605,0.13675849236539397,0.13833107461846628,0.1396790022639568,0.14119542086513365,0.14271183946631052,0.14377894885232387,0.14439674902317368,0.14574467666866422,0.14546385840918702,0.14574467666866422,0.14445291267506913,0.14552002206108247,0.1450145491940235,0.14636247683951406,