# R script for Peak Model
#  -- generated by MACS
p <- c(0.018860711299248663,0.021991119813646782,0.025395439073054735,0.028525847587452854,0.031030174398971346,0.03153886578256104,0.030873653973251442,0.030951914186111394,0.03153886578256104,0.032047557166150736,0.0324388582304505,0.032712768975460334,0.03290841950761022,0.03314320014619008,0.033691021636209746,0.0336127614233498,0.033691021636209746,0.03365189152977977,0.032634508762600385,0.032047557166150736,0.03189103674043083,0.03181277652757088,0.03181277652757088,0.03193016684686081,0.03157799588899102,0.03134321525041116,0.03149973567613107,0.030991044292541372,0.03079539376039149,0.031030174398971346,0.031186694824691254,0.031304085143981183,0.03126495503755121,0.030638873334671583,0.03149973567613107,0.0311084346118313,0.03138234535684114,0.03220407759187064,0.03267363886903036,0.03185190663400085,0.03173451631471092,0.03134321525041116,0.030834523866821464,0.032164947485440666,0.03193016684686081,0.03236059801759055,0.03212581737901069,0.032595378656170404,0.03290841950761022,0.03408232270050951,0.03455188397766923,0.03494318504196899,0.035725787170568526,0.0350997054676889,0.03568665706413855,0.03588230759628843,0.035921437702718405,0.035960567809148386,0.036077958128438316,0.036312738767018175,0.03686056025703784,0.03658664951202801,0.036390998979878124,0.03666490972488796,0.03623447855415822,0.03623447855415822,0.03654751940559803,0.03611708823486829,0.036430129086308105,0.03670403983131794,0.03545187642555869,0.03654751940559803,0.036312738767018175,0.035804047383428475,0.03646925919273808,0.03689969036346782,0.03705621078918773,0.0370953408956177,0.03729099142776759,0.03682143015060787,0.037369251640627536,0.03729099142776759,0.03768229249206735,0.037956203237077185,0.0377605527049273,0.037838812917787255,0.0377605527049273,0.03803446344993714,0.037486641959917466,0.037604032279207396,0.03826924408851699,0.03791707313064721,0.03791707313064721,0.038777935472106694,0.038660545152816764,0.03799533334350716,0.037486641959917466,0.03721273121490763,0.037486641959917466,0.037604032279207396,0.03689969036346782,0.03721273121490763,0.037369251640627536,0.0369388204698978,0.03658664951202801,0.03744751185348749,0.0377605527049273,0.03768229249206735,0.037838812917787255,0.03834750430137695,0.0390909763235465,0.03916923653640646,0.03862141504638678,0.03862141504638678,0.03905184621711653,0.03846489462066688,0.039364887068556335,0.04003009887786594,0.03991270855857601,0.039638797813566176,0.039638797813566176,0.04046053004859568,0.041047481645045326,0.04136052249648514,0.041517042922205045,0.041751823560784905,0.04124313217719521,0.04100835153861535,0.04081270100646547,0.040304009622875774,0.039951838665005984,0.03897358600425657,0.03873880536567671,0.038308374194946974,0.03873880536567671,0.038660545152816764,0.03928662685569639,0.039364887068556335,0.040069228984295914,0.041047481645045326,0.04179095366721488,0.04288659664725422,0.04300398696654415,0.04261268590224439,0.04237790526366453,0.043160507392264055,0.04312137728583408,0.04323876760512401,0.0430822471794041,0.04273007622153432,0.04288659664725422,0.041595303135064994,0.041869213880074835,0.04265181600867436,0.04273007622153432,0.04288659664725422,0.042808336434394266,0.04347354824370387,0.04417789015944344,0.04347354824370387,0.042808336434394266,0.04335615792441394,0.04402136973372354,0.04472571164946312,0.04472571164946312,0.04464745143660316,0.04554744388449262,0.04582135462950246,0.04523440303305281,0.0464083062259521,0.04664308686453196,0.04715177824812166,0.046603956758101986,0.04644743633238208,0.046956127715971775,0.04679960729025187,0.04621265569380222,0.04566483420378255,0.04593874494879239,0.04582135462950246,0.04652569654524203,0.04633004601309215,0.046956127715971775,0.04687786750311182,0.04676047718382189,0.04805177069601112,0.048521331973170836,0.04879524271818067,0.04969523516607013,0.04953871474035022,0.04981262548536006,0.05020392654965982,0.04969523516607013,0.04953871474035022,0.0497343652725001,0.05012566633679987,0.04965610505964015,0.05012566633679987,0.049303934101770364,0.05055609750752961,0.05043870718823968,0.050516967401099636,0.05055609750752961,0.05032131686894975,0.050830008252539444,0.05036044697537973,0.050712617933249514,0.050634357720389565,0.0509082684653994,0.05020392654965982,0.04946045452749027,0.05000827601750994,0.0510647888911193,0.051690870593998926,0.05165174048756895,0.05212130176472867,0.05329520495762796,0.05333433506405794,0.05411693719265747,0.05446910815052726,0.05591692208843639,0.05579953176914646,0.055721271556286506,0.05701256506847573,0.05673865432346589,0.056190832833446225,0.05603431240772632,0.05650387368488603,0.05603431240772632,0.0563864833655961,0.05669952421703592,0.056543003791316014,0.0563864833655961,0.05521258017269681,0.05646474357845606,0.05709082528133568,0.05720821560062561,0.057364736026345516,0.05853863921924481,0.059634282199284155,0.059595152092854174,0.060690795072893516,0.062099478904372674,0.06256904018153239,0.06252991007510242,0.06268643050082232,0.06280382082011225,0.06342990252299187,0.06323425199084198,0.06202121869151272,0.06206034879794269,0.06182556815936284,0.06252991007510242,0.0628820810329722,0.06256904018153239,0.06362555305514175,0.06311686167155206,0.06284295092654223,0.06409511433230147,0.06566031858950053,0.06577770890879046,0.06612987986666025,0.06601248954737032,0.06675596156953988,0.06659944114381997,0.06648205082453004,0.06757769380456938,0.06796899486886915,0.06773421423028929,0.06800812497529912,0.06949506901963823,0.07000376040322792,0.0703559313610977,0.07074723242539747,0.07176461519257686,0.07223417646973658,0.07293851838547616,0.07309503881119606,0.07321242913048599,0.07250808721474641,0.07262547753403635,0.07325155923691597,0.07278199795975625,0.07364286030121574,0.07442546242981526,0.0738776409397956,0.0741906817912354,0.07532545487770473,0.07622544732559418,0.07732109030563353,0.07732109030563353,0.0775167408377834,0.07806456232780308,0.07822108275352298,0.07826021285995295,0.07896455477569253,0.07947324615928222,0.08021671818145178,0.07998193754287192,0.07990367733001197,0.08170366222579088,0.08303408584441009,0.08479494063375903,0.08487320084661898,0.08604710403951828,0.08690796638097777,0.08784708893529719,0.08835578031888688,0.09054706627896557,0.09136879851399508,0.09023402542752576,0.09019489532109579,0.08988185446965598,0.09156444904614496,0.0923470511747445,0.09356008447407375,0.09379486511265361,0.09371660489979367,0.09277748234547423,0.09414703607052341,0.09481224787983301,0.09446007692196322,0.09430355649624332,0.09344269415478383,0.09375573500622364,0.09391225543194355,0.09371660489979367,0.09508615862484285,0.09622093171131216,0.09696440373348171,0.09860786820354073,0.09989916171572995,0.10126871544077913,0.10232522831438849,0.10275565948511824,0.10252087884653838,0.10275565948511824,0.10216870788866858,0.10228609820795852,0.10322522076227796,0.10459477448732712,0.10459477448732712,0.10518172608377678,0.10615997874452619,0.10737301204385546,0.10983820874894398,0.11152080332543296,0.11390773981766153,0.11508164301056083,0.11457295162697113,0.11422078066910134,0.11504251290413085,0.11680336769347979,0.1179381407799491,0.11836857195067885,0.11852509237639876,0.11852509237639876,0.11801640099280906,0.11868161280211866,0.11954247514357814,0.12052072780432756,0.12220332238081655,0.1234554857865758,0.12349461589300577,0.12353374599943574,0.12392504706373551,0.12572503195951443,0.12623372334310412,0.12764240717458328,0.12838587919675282,0.12932500175107225,0.12979456302823197,0.12916848132535236,0.1294423920703622,0.13116411675328116,0.13128150707257108,0.13206410920117062,0.1344510456933992,0.13468582633197904,0.13648581122775796,0.13668146175990784,0.1377379746335172,0.13789449505923712,0.13914665846499635,0.13938143910357623,0.1410640336800652,0.14212054655367456,0.14118142399935513,0.1424335874051144,0.1437248809173036,0.14380314113016357,0.14423357230089331,0.1448987841102029,0.1477552818795912,