# R script for Peak Model
#  -- generated by MACS
p <- c(0.042844792743501545,0.05013613131788543,0.057387574189848745,0.0647331709195246,0.07201493452532756,0.072227179662205,0.07229899192656203,0.07233569597278897,0.07213462163258927,0.07177077282651365,0.07193354729238959,0.07181705184132152,0.07182503098180563,0.07161916915731548,0.07160640253254089,0.07157129431441078,0.07159363590776631,0.07146916131621411,0.07131117433462865,0.07167023565641381,0.07159523173586313,0.07189045993377537,0.07186811834041985,0.0718441809189675,0.07179790190415963,0.0717532187174486,0.07178034779509458,0.07198620961958474,0.0721713256788162,0.07225430873985099,0.07214738825736386,0.07183141429419292,0.07170853553073755,0.07174045209267402,0.07164789406305828,0.07164470240686464,0.07158246511108855,0.07146118217573,0.07123457458598115,0.07114680404065589,0.07153459026818386,0.07143564892618084,0.07154576106486162,0.07144362806666495,0.07143724475427767,0.0713143659908223,0.07120584968023834,0.07113563324397813,0.07148033211289188,0.0714819279409887,0.07115797483733365,0.07117393311830188,0.07116595397781776,0.07129681188175724,0.07133830341227464,0.07157767762679808,0.07150905701863469,0.07166704400022016,0.07156491100202349,0.071488311253376,0.07156650683012032,0.07167023565641381,0.07149948205005376,0.07147554462860141,0.07155533603344255,0.0714819279409887,0.07153618609628068,0.07152182364340927,0.07165906485973604,0.07191439735522771,0.07193035563619594,0.07198780544768156,0.07215217574165432,0.07216813402262255,0.07205483022774813,0.07215217574165432,0.0722479254274637,0.07226547953652875,0.07198620961958474,0.07173566460838354,0.07172768546789943,0.07172928129599625,0.07183141429419292,0.07176917699841683,0.07173726043648036,0.07156810265821714,0.07152022781531245,0.0712026580240447,0.07126968280411125,0.07134309089656511,0.07141330733282532,0.0712521286950462,0.07107180012010521,0.07105584183913699,0.07099998785574818,0.07100956282432912,0.07136064500563016,0.07143884058237449,0.0713223451313064,0.07132074930320959,0.07125372452314302,0.07143245726998719,0.07134149506846829,0.07149469456576328,0.07166863982831698,0.07158884842347583,0.0712377662421748,0.0713702199742111,0.07145958634763318,0.07161119001683136,0.07190322655854996,0.07177077282651365,0.07204206360297355,0.07211387586733058,0.0720181261815212,0.07212823832020199,0.07236761253472541,0.07237240001901589,0.07233569597278897,0.07222558383410818,0.07205483022774813,0.0719830179633911,0.07192556815190547,0.07201333869723073,0.0721441966011702,0.07208993844587823,0.07188248079329125,0.07197184716671334,0.07225590456794781,0.0722750545051097,0.0721920714440749,0.07250166209485855,0.07236122922233813,0.07221920052172089,0.07235165425375718,0.07242506234621104,0.07273465299699469,0.07262294503021709,0.07241867903382375,0.07250325792295537,0.07250006626676173,0.07252081203202042,0.07278731532418985,0.07290061911906427,0.07291019408764521,0.07308254352210208,0.07298838966438953,0.0731878681764924,0.07328521369039859,0.0732022306293638,0.07320382645746062,0.07303786033539104,0.07285912758854687,0.07273465299699469,0.07260060343686156,0.07254634528156959,0.07244102062717928,0.07252081203202042,0.07242984983050152,0.07263571165499166,0.07281444440183583,0.0728750858695151,0.07293253568100073,0.0731320141931036,0.07304105199158469,0.07296923972722766,0.0730841393501989,0.07288466083809604,0.07287189421332146,0.07283199851090089,0.0729373231652912,0.07313839750549088,0.07322776387891297,0.07326606375323672,0.0734463923281777,0.07367938323031385,0.07372566224512171,0.07390918247625636,0.07392035327293411,0.07387407425812625,0.07389482002338495,0.07376715377563911,0.07395705731916104,0.0740591903173577,0.0741501525188766,0.07437037679623817,0.07450761801256495,0.0746576258536663,0.07497998312922452,0.0752289323123289,0.07530074457668594,0.0754379857930127,0.07551937302595067,0.07540447340297943,0.07533106531052557,0.0750964785802926,0.07512201182984177,0.074984770613515,0.07497998312922452,0.07497359981683724,0.07475337553947567,0.07478369627331531,0.0747629505080566,0.07497998312922452,0.07528957378000817,0.07527521132713677,0.07535979021626837,0.0754379857930127,0.07564863510179333,0.07561991019605051,0.07591035090967228,0.07593907581541509,0.07579225963050738,0.07574278895950588,0.07574598061569952,0.07590556342538181,0.0759885464864166,0.07612578770274338,0.07596939654925473,0.07611142524987197,0.07596301323686744,0.07588800931631676,0.07609546696890374,0.076210366591875,0.07622472904474639,0.07624068732571462,0.07609865862509739,0.07629973296529707,0.0764417616659143,0.0764832531964317,0.07663326103753307,0.07681997292486134,0.07689657267350884,0.07693646837592942,0.07698913070312458,0.07697317242215634,0.07703062223364197,0.07703540971793243,0.07695721414118811,0.07701625978077056,0.07720616332429249,0.07737532110255571,0.07740564183639535,0.07744872919500957,0.07737212944636207,0.07763065359804738,0.07787002781257082,0.0779306692802501,0.07809663540231968,0.07812536030806248,0.07810461454280379,0.0784955924265254,0.07853548812894598,0.07856900051897926,0.0787812456558567,0.07895199926221676,0.07917062771148149,0.07921850255438619,0.07948341001845878,0.07973395502965998,0.07984566299643758,0.07945468511271597,0.07941000192600493,0.07950894326800795,0.0797355508577568,0.07949777247133019,0.07943074769126363,0.07950096412752383,0.07955522228281582,0.07968288853056164,0.07974512582633775,0.07990311280792321,0.08023823670825603,0.08046165264181122,0.08042814025177795,0.08089093039985659,0.08113190044247685,0.0810792381152817,0.0812324376125767,0.08131222901741784,0.08155798654432857,0.08186917302320904,0.08192183535040419,0.08182608566459482,0.08196013522472795,0.08190587706943596,0.08202396834860086,0.082256959250737,0.08239100881087014,0.0821452512839594,0.0822633425631243,0.08218514698637998,0.08219472195496091,0.08265591627494273,0.08296391109762956,0.08310274814205315,0.08329265168557508,0.08368522539739351,0.08399641187627398,0.08466346802074595,0.08503370013920887,0.08565766892506663,0.08639813316199246,0.08706838096265808,0.08789023243252189,0.08895464977310277,0.0899041674907124,0.09062069430618588,0.09142020418269417,0.09229631380784994,0.09296017829612828,0.09354265555146864,0.09403257477719328,0.09430865303794364,0.09442355266091489,0.09435971953704198,0.09421130752403745,0.09428152396029765,0.0943756778180102,0.09415545354064864,0.09441397769233395,0.0946262228292114,0.09487676784041259,0.09481931802892697,0.09491825937092999,0.09533157884800712,0.09570979010695416,0.0960193807577378,0.09605448897586791,0.09643110440671811,0.09650610832726879,0.09657153727923852,0.0969944317248966,0.09734870556239128,0.09762478382314164,0.09767425449414316,0.09765350872888447,0.09766627535365904,0.09790086208389201,0.09803012415973467,0.09800139925399186,0.0982551359213867,0.09790086208389201,0.09804289078450926,0.09793597030202211,0.09806523237786477,0.09818332365702967,0.09835567309148655,0.09844184780871498,0.09855195994739577,0.09897645022115066,0.09898762101782842,0.09940094049490555,0.09935466148009768,0.09950147766500539,0.09984777236201596,0.10020204619951065,0.10026268766718992,0.10064409058233059,0.10076218186149549,0.10076537351768915,0.10088506062495085,0.10103826012224586,0.1013191258672867,0.10152339186368002,0.10150264609842133,0.10143083383406429,0.10195107379362857,0.10183936582685096,0.10210746494711721,0.1024202472540945,0.10262610907858466,0.10261015079761643,0.10273302956107179,0.10327401528589476,0.10339210656505965,0.10372563463729564,0.1036043517019371,0.10409267509956491,0.10436237004792799,0.10441822403131679,0.10448684463948017,0.10464802327725929,0.10490016411655731,0.10466876904251798,0.1048299476802971,0.10479324363407017,0.10509166348817606,0.10494484730326835,0.10494484730326835,0.10512358005011252,0.10526401292263293,0.10555126198006105,0.10559913682296575,0.105867235943232,0.10609384353298085,0.1061672516254347,0.10601883961243017,0.10619438070308068,0.10621991395262985,