# R script for Peak Model
#  -- generated by MACS
p <- c(0.04353111948502963,0.05066170735987669,0.05790614176811674,0.0651069350052228,0.07230013847343601,0.07243485687128437,0.07252403665577553,0.07257147271135594,0.0725316264246684,0.07252213921355233,0.0721938817089359,0.07227736916675741,0.07248798525353442,0.07224701009118595,0.07225649730230203,0.07209900959777507,0.07205726586886431,0.07183526512874801,0.0717309058064711,0.07166829021310496,0.07180300861095332,0.07173280324869431,0.0714766485485601,0.07166829021310496,0.07156582833305128,0.07173470069091753,0.07185234210875695,0.0718466497820873,0.07186752164654268,0.07175746999759613,0.07160567461973882,0.07157531554416736,0.07149752041301549,0.0713722892262832,0.07139885341740825,0.07120341686841695,0.07111423708392578,0.07120721175286339,0.07127362223067596,0.07129449409513133,0.07144628947298864,0.07150511018190836,0.07154116158414947,0.07147475110633689,0.07182008559096227,0.07180680349539975,0.07188080374210519,0.07199085539105174,0.07201741958217676,0.07201362469773034,0.07205157354219467,0.07209711215555185,0.07225649730230203,0.07236275406680215,0.07193203468213204,0.07208762494443578,0.07194911166214098,0.07175557255537292,0.07177075209315864,0.0717309058064711,0.07172331603757824,0.071510802508578,0.07127551967289918,0.07147475110633689,0.07151649483524765,0.07131726340180994,0.07144249458854221,0.07155254623748876,0.07157341810194415,0.07157721298639058,0.07156393089082806,0.07164362346420315,0.07158859763972987,0.07157341810194415,0.07176885465093542,0.07182577791763192,0.07162275159974776,0.07164172602197993,0.07156013600638163,0.07171003394201572,0.07157341810194415,0.07165500811754245,0.07184285489764086,0.07189598327989093,0.07175557255537292,0.07177644441982829,0.07173470069091753,0.07175557255537292,0.07180680349539975,0.07176316232426579,0.07164172602197993,0.07147854599078332,0.07144818691521186,0.07138177643739929,0.0713590071307207,0.07133813526626531,0.07144439203076543,0.07146716133744403,0.07147475110633689,0.0714880332018994,0.07157152065972093,0.07174039301758718,0.07183147024430157,0.07181629070651584,0.07166829021310496,0.07183336768652479,0.07215593286447157,0.07204777865774824,0.072089522386659,0.07203449656218572,0.0723456770867932,0.07228306149342706,0.07227736916675741,0.07219008682448946,0.07237034383569502,0.07227357428231097,0.07206295819553396,0.07211798402000724,0.07202880423551607,0.07208003517554291,0.0719870605066053,0.07198136817993565,0.0720667530799804,0.07196998352659636,0.07208572750221257,0.07215593286447157,0.07219767659338233,0.07219198426671268,0.07227167684008776,0.07240639523793613,0.07225080497563238,0.0724026003534897,0.0722527024178556,0.07252213921355233,0.07253921619356127,0.07256957526913273,0.072554395731347,0.07260942155582027,0.07257906248024881,0.0725657803846863,0.0725885496913649,0.07250126734909694,0.07269670389808823,0.07273655018477578,0.07279157600924904,0.07262839597805244,0.07259424201803455,0.07252593409799875,0.07260942155582027,0.07246901083130226,0.07263219086249888,0.07274224251144541,0.07262080620915957,0.07233618987567712,0.07233998476012356,0.07253731875133805,0.07257526759580238,0.07274983228033828,0.07262460109360601,0.07273655018477578,0.0728219350848205,0.07274034506922221,0.07271947320476682,0.07278019135590974,0.07260372922915062,0.0726587550536239,0.07264357551583817,0.07257906248024881,0.07279347345147226,0.07285229416039196,0.0728560890448384,0.07293008929154383,0.0729376790604367,0.0730761923427315,0.07318055166500839,0.07307998722717793,0.07325265446949061,0.07340255240512471,0.0733892703095622,0.07346327055626764,0.07330388540951746,0.07356573243632132,0.07359609151189278,0.07386173342314307,0.07382757946312517,0.07371183548750898,0.07343291148069617,0.0734594756718212,0.07371563037195542,0.07376496386975903,0.07391675924761634,0.07363214291413389,0.0738067075986698,0.07367009175859822,0.07386363086536628,0.07399645182099143,0.07436076072784897,0.07437024793896505,0.07416532417885768,0.07419188836998271,0.07422224744555418,0.07447270981901874,0.07461312054353675,0.07467953102134932,0.0747933775547423,0.07499450643040323,0.07499830131484966,0.07499830131484966,0.0749907115459568,0.07481424941919768,0.07498312177706394,0.07484271105254592,0.07471747986581365,0.07489394199257277,0.07475732615250119,0.07459794100575101,0.07470419777025113,0.07497742945039429,0.07541384116173405,0.07572312424411831,0.07571173959077901,0.07601912523094007,0.07606276640207404,0.07589199660198456,0.07602481755760972,0.0762088694532617,0.0762563055088421,0.07618230526213667,0.07599066359759182,0.07575917564635942,0.07605327919095796,0.07616712572435094,0.07630374156442252,0.07639671623336013,0.07651815253564596,0.07655420393788707,0.07672497373797654,0.0767078967579676,0.07665856326016397,0.07721451383156637,0.07698492332255719,0.07701148751368223,0.07702856449369117,0.07723538569602174,0.07723538569602174,0.07740615549611123,0.07758830994954,0.07769077182959368,0.07772682323183479,0.07759020739176321,0.07780461836298666,0.07782738766966525,0.07783497743855812,0.07792984954971893,0.07830364566769256,0.07838333824106765,0.07819359401874601,0.0782391326321032,0.07830174822546934,0.07827708147656753,0.07852185152336244,0.07873626249458589,0.07909298163255056,0.07913093047701489,0.07906451999920232,0.07925805910597038,0.07933964912156868,0.07981590711959599,0.07981970200404243,0.08014036973976599,0.08006826693528377,0.08022006231314108,0.0802466265042661,0.080350985826543,0.08028837023317686,0.08016693393089101,0.080350985826543,0.08022954952425716,0.08090314151349896,0.08091262872461505,0.0810359624691241,0.08081396172900779,0.08087657732237394,0.08112514225361528,0.08156914373384791,0.08188791402734825,0.08184427285621428,0.08219719710973251,0.08189740123846434,0.08189170891179469,0.08185186262510714,0.08223704339642006,0.0823812490053845,0.08237935156316128,0.0822882743364469,0.08233381294980409,0.08284422490784929,0.08284801979229572,0.08332997011699268,0.08369807390829666,0.08433751193752057,0.08484412901111933,0.08549495169368254,0.08637726232747815,0.08748157370139006,0.08876234720206111,0.08965793993141923,0.09091025179874203,0.09172615195472505,0.09260466770407423,0.09291964311312814,0.09334656761335182,0.09375831257578977,0.09398980052702216,0.09407328798484368,0.09416436521155808,0.09428010918717426,0.09398980052702216,0.09428769895606713,0.09456662296287995,0.0951757019165324,0.09537303590774689,0.09563488293455075,0.09603144835920296,0.09611303837480127,0.09620221815929243,0.09619273094817636,0.09645457797498021,0.0964868344927749,0.09671263011733763,0.09684924595740922,0.09741278629770447,0.09746022235328489,0.09761201773114218,0.0977751977623388,0.09770309495785658,0.09805222432692838,0.09814519899586599,0.09824955831814289,0.09837668694709838,0.0983102764692858,0.09801237804024084,0.09830078925816972,0.09806171153804447,0.09842032811823236,0.09871063677838446,0.09903320195633124,0.09918120244974211,0.09926848479201007,0.0995967422966265,0.09982633280563567,0.09995156399236796,0.10013941077246638,0.10048095037264532,0.1006061815593776,0.10071243832387772,0.10050371967932392,0.10068018180608304,0.10099515721513695,0.1004316168748417,0.1007105408816545,0.10099515721513695,0.1011754142263425,0.10136705589088736,0.10168013385771806,0.10171049293328951,0.10201787857345057,0.10208808393570958,0.10208618649348636,0.10275788104050494,0.10263834218044232,0.10298936899173734,0.1030311127206481,0.10322654926963938,0.10299126643396056,0.10299316387618378,0.10322275438519295,0.10351306304534505,0.10394947475668481,0.10384511543440791,0.10411265478788143,0.10429101435686376,0.10463445139926592,0.10465722070594452,0.10476347747044464,0.10517901731732901,0.1053042485040613,0.10541619759523106,0.10528906896627556,0.10547312086192755,0.10583742976878509,0.10578809627098147,0.10591143001549053,0.1061505077356158,0.10653758594915193,0.10662107340697345,0.10669127876923246,0.10689999741378625,0.10704610046497391,0.10736107587402782,