# R script for Peak Model
#  -- generated by MACS
p <- c(0.028107408040109173,0.03198086709864012,0.035755006694131806,0.04111825769825158,0.04588559192413582,0.04538899460893955,0.04558763353501805,0.04538899460893955,0.04648150870237135,0.04677946709148912,0.04906381474139198,0.050156328834823787,0.050950884539137827,0.04985837044570602,0.05065292615002006,0.049759050982666767,0.049461092593549,0.04985837044570602,0.049361773130509747,0.04916313420443124,0.04866653688923496,0.0474747033327639,0.04777266172188167,0.04866653688923496,0.04787198118492092,0.04876585635227422,0.04926245366747049,0.050553606686980807,0.04995768990874528,0.049361773130509747,0.04846789796315645,0.04965973151962751,0.04956041205658826,0.04956041205658826,0.051348162391294846,0.05045428722394155,0.05025564829786304,0.04985837044570602,0.05005700937178453,0.051348162391294846,0.05194407916953038,0.05244067648472665,0.05263931541080516,0.05244067648472665,0.04956041205658826,0.04985837044570602,0.05005700937178453,0.04956041205658826,0.05085156507609857,0.050553606686980807,0.05105020400217708,0.050553606686980807,0.05164612078041261,0.0523413570216874,0.05313591272600144,0.053334551652079946,0.053334551652079946,0.05323523218904069,0.05313591272600144,0.053731829504236966,0.05323523218904069,0.05462570467159027,0.05522162144982579,0.05482434359766877,0.05561889930198281,0.05621481608021835,0.05780392748884643,0.05800256641492493,0.05700937178453239,0.05671141339541462,0.056910052321493126,0.05561889930198281,0.05472502413462952,0.05522162144982579,0.0543277462824725,0.053731829504236966,0.05263931541080516,0.05402978789335473,0.05422842681943325,0.054526385208551006,0.05283795433688367,0.05303659326296218,0.052937273799922926,0.05224203755864814,0.05313591272600144,0.05323523218904069,0.0523413570216874,0.05184475970649112,0.05124884292825559,0.0514474818543341,0.052937273799922926,0.05263931541080516,0.05244067648472665,0.05323523218904069,0.05273863487384442,0.0523413570216874,0.053731829504236966,0.0523413570216874,0.05224203755864814,0.052142718095608886,0.05263931541080516,0.05393046843031548,0.05263931541080516,0.05154680131737336,0.051348162391294846,0.05283795433688367,0.0514474818543341,0.05244067648472665,0.05363251004119771,0.053334551652079946,0.05313591272600144,0.05313591272600144,0.05383114896727623,0.054923663060708026,0.05641345500629685,0.056512774469336106,0.05671141339541462,0.0563141355432576,0.056115496617179086,0.05681073285845387,0.05641345500629685,0.05621481608021835,0.058101885877964186,0.05760528856276791,0.05939303889747451,0.05869780265619972,0.05780392748884643,0.05859848319316047,0.05899576104531749,0.05790324695188568,0.05760528856276791,0.056910052321493126,0.05661209393237537,0.05710869124757164,0.05422842681943325,0.05313591272600144,0.05472502413462952,0.05422842681943325,0.0523413570216874,0.052539995947765906,0.0514474818543341,0.05124884292825559,0.04866653688923496,0.04717674494364614,0.04727606440668539,0.04757402279580316,0.04687878655452837,0.04658082816541061,0.04658082816541061,0.04717674494364614,0.0483685785001172,0.04767334225884241,0.04906381474139198,0.049759050982666767,0.04995768990874528,0.04866653688923496,0.05005700937178453,0.0503549677609023,0.05164612078041261,0.05263931541080516,0.05343387111511921,0.05402978789335473,0.0543277462824725,0.05601617715413983,0.05740664963668941,0.05949235836051376,0.059293719434435246,0.05988963621267078,0.06048555299090631,0.06018759460178855,0.05988963621267078,0.06286922010384843,0.06445833151247651,0.06286922010384843,0.06237262278865215,0.06187602547345588,0.06167738654737737,0.05979031674963153,0.06058487245394557,0.05909508050835674,0.05879712211923897,0.05472502413462952,0.05512230198678654,0.056910052321493126,0.05681073285845387,0.05790324695188568,0.05740664963668941,0.05879712211923897,0.05790324695188568,0.05909508050835674,0.05899576104531749,0.06078351138002407,0.05800256641492493,0.057704608025807166,0.05820120534100345,0.05780392748884643,0.05859848319316047,0.05750596909972866,0.05681073285845387,0.056910052321493126,0.057307330173650146,0.05700937178453239,0.05760528856276791,0.056512774469336106,0.055718218765022066,0.054923663060708026,0.05343387111511921,0.05522162144982579,0.05591685769110058,0.05542026037590431,0.05601617715413983,0.05621481608021835,0.05591685769110058,0.05502298252374729,0.05472502413462952,0.05512230198678654,0.05681073285845387,0.05671141339541462,0.056512774469336106,0.057704608025807166,0.05740664963668941,0.05879712211923897,0.06008827513874929,0.06157806708433811,0.06326649795600545,0.06515356775375129,0.06495492882767279,0.06296853956688768,0.0631671784929662,0.06406105366031949,0.06465697043855502,0.06346513688208397,0.06276990064080917,0.06376309527120172,0.06296853956688768,0.06038623352786705,0.06068419191698482,0.06366377580816247,0.064259692586398,0.064259692586398,0.06485560936463353,0.06654404023630087,0.06704063755149714,0.06664335969934013,0.06584880399502609,0.06783519325581118,0.06664335969934013,0.06584880399502609,0.06584880399502609,0.064259692586398,0.06366377580816247,0.06217398386257365,0.0631671784929662,0.06346513688208397,0.06455765097551576,0.0622733033256129,0.06445833151247651,0.06356445634512321,0.06366377580816247,0.06525288721679055,0.06574948453198683,0.0662460818471831,0.06525288721679055,0.06455765097551576,0.06495492882767279,0.06704063755149714,0.0660474429211046,0.0660474429211046,0.0662460818471831,0.0660474429211046,0.06565016506894757,0.06674267916237937,0.0673385959406149,0.06793451271885044,0.06773587379277193,0.06753723486669341,0.06853042949708597,0.0702188603687533,0.0722052496295384,0.0704174992948318,0.06982158251659629,0.06952362412747852,0.06972226305355703,0.06992090197963553,0.06972226305355703,0.06962294359051777,0.06892770734924299,0.06972226305355703,0.06853042949708597,0.06942430466443926,0.06962294359051777,0.0704174992948318,0.07081477714698883,0.07081477714698883,0.07180797177738138,0.07299980533385245,0.07468823620551977,0.07578075029895158,0.07558211137287307,0.07985284828356104,0.0828324321747387,0.08452086304640602,0.08640793284415187,0.08690453015934815,0.08779840532670144,0.09127458653307537,0.09455212881337079,0.09375757310905675,0.0947507677394493,0.09177118384827164,0.09216846170042867,0.09177118384827164,0.09326097579386047,0.09594260129592036,0.09862422679798023,0.09723375431543067,0.09614124022199887,0.09683647646327365,0.10011401874356907,0.1007099355218046,0.10120653283700087,0.10051129659572608,0.0998160603544513,0.09842558787190173,0.09802831001974471,0.09872354626101949,0.09802831001974471,0.09902150465013726,0.09782967109366619,0.09912082411317652,0.10190176907827565,0.10428543619121777,0.10408679726513927,0.10498067243249257,0.10438475565425703,0.10448407511729628,0.10438475565425703,0.10438475565425703,0.10428543619121777,0.10408679726513927,0.1007099355218046,0.10080925498484385,0.10120653283700087,0.1007099355218046,0.1007099355218046,0.10021333820660833,0.10041197713268683,0.0998160603544513,0.09832626840886248,0.09753171270454844,0.09922014357621577,0.09733307377846992,0.0958432818328811,0.09554532344376333,0.09624055968503811,0.09643919861111663,0.09763103216758769,0.09941878250229427,0.10259700531955045,0.10368951941298224,0.10239836639347193,0.10428543619121777,0.10746365900847393,0.1097480066583768,0.1084568536388665,0.1088541314910235,0.10915208988014127,0.10855617310190574,0.10696706169327766,0.10925140934318053,0.11044324289965159,0.11093984021484786,0.11133711806700489,0.1115357569930834,0.11332350732778998,0.11491261873641806,0.11580649390377136,0.11560785497769285,0.11689900799720317,0.11620377175592837,0.1176935637015172,0.11878607779494901,0.11898471672102752,0.1196799529623023,0.12017655027749859,0.12226225900132294,0.12285817577955846,0.12544048181857909,0.12544048181857909,0.12623503752289314,0.1272282321532857,0.12534116235553985,0.12494388450338283,0.12444728718818654,0.1247452455773043,0.12285817577955846,0.12275885631651921,