# R script for Peak Model
#  -- generated by MACS
p <- c(0.04281436493110142,0.04996259596018986,0.05707357506150655,0.06416023693219447,0.07128363334276842,0.07112013877088133,0.0710497740184236,0.07110099541910975,0.07104149581225211,0.07095716158687997,0.07105546528516651,0.07095716158687997,0.07098768747213736,0.07110875623739553,0.07111496489202415,0.07120861209933922,0.07120136866893916,0.07117239494733892,0.07118946874756762,0.071232929329968,0.07122361634802506,0.07125672917271104,0.07117032539579604,0.07101510903008046,0.07096388762939432,0.07102804372722342,0.07103321760608061,0.07096699195670862,0.07107409124905238,0.07104046103648066,0.07098975702368024,0.07107874774002385,0.07113255608013858,0.07118119054139613,0.07116204718962454,0.07119360785065337,0.07120654254779635,0.0711356604074529,0.07113617779533861,0.07108806072196679,0.07109478676448112,0.07102338723625196,0.07106891737019519,0.07107823035213813,0.07119464262642482,0.07103218283030917,0.07108599117042391,0.07114393861362439,0.07120136866893916,0.071096856316024,0.07100217433293748,0.07110047803122403,0.07100476127236609,0.0709970004540803,0.07094163995030842,0.07105184356996648,0.07093698345933694,0.07088162295556505,0.07090749234985098,0.07110151280699546,0.07121119903876781,0.07112996914070999,0.0711749818867675,0.071096856316024,0.07108806072196679,0.07105753483670939,0.07114393861362439,0.07127638991236836,0.07113100391648143,0.07113359085591002,0.07132968086459737,0.07133640690711172,0.0713245069857402,0.07140521949591229,0.07150041886688452,0.07158527048014238,0.07153508385522767,0.07140521949591229,0.0713607241377405,0.0712468988028824,0.0711801557656247,0.07121999463282502,0.07112583003762424,0.07108236945522388,0.07113359085591002,0.07109426937659541,0.0711718775594532,0.07133795907076887,0.07153818818254198,0.07170375230597194,0.07165977433568585,0.07160234428037109,0.07181240376197284,0.07188535545385917,0.07177929093728685,0.07180929943465854,0.07187707724768767,0.07182430368334437,0.0716028616682568,0.07151076662459889,0.07140004561705511,0.07146213216334134,0.07149110588494159,0.07148334506665581,0.07167167425705738,0.07166701776608592,0.07150455796997027,0.07153456646734195,0.07161993546848552,0.07167012209340022,0.07176221713705815,0.07182740801065869,0.07191225962391654,0.07197848527328853,0.07195778975785978,0.07193450730300244,0.07208248023831797,0.0721694014031187,0.07220665333089044,0.07229512665934831,0.07230806135649129,0.07230237008974838,0.07213784074208986,0.07213318425111839,0.07204212398323191,0.07215750148174717,0.07218337087603309,0.07212387126917545,0.0722030316156904,0.07213784074208986,0.07205919778346064,0.07188121635077342,0.07192985081203097,0.07200228511603159,0.07212438865706118,0.07212335388128974,0.07220717071877615,0.07236807835123464,0.07234583067214874,0.072394982521292,0.07252950337157885,0.07279854507215254,0.07284717953341008,0.07287460109135317,0.07287874019443892,0.07283890132723858,0.07288908795215329,0.07279130164175247,0.07284355781821006,0.07283424483626712,0.07290978346758203,0.07296669613501108,0.07306655199695478,0.07315347316175551,0.07311673862186949,0.07333766324907133,0.07337905427992883,0.07348718834804402,0.07354824011855882,0.07370293909638868,0.07370449126004584,0.07362222658621657,0.07360153107078783,0.07351564468175854,0.07353634019718729,0.07341785837135772,0.07355496616107315,0.07356169220358749,0.07358497465844484,0.07362533091353089,0.07376709519421779,0.07389902910507604,0.07402009787033419,0.07415410133273531,0.07426275278873623,0.07444487332450918,0.07425447458256473,0.07432380455925103,0.07432742627445105,0.07431863068039384,0.07427723964953635,0.07437916506302292,0.07440606923308028,0.0744257299727376,0.07442728213639474,0.07431552635307953,0.07447436443399515,0.07462906341182501,0.0747092585341114,0.0747594451590261,0.07483912289342677,0.07474909740131172,0.07478272761388344,0.07490069205182728,0.07501037828359963,0.07515214256428653,0.075156799055258,0.07501037828359963,0.0750848821391431,0.07514541652177219,0.075243202832173,0.07541187128291728,0.07554070086646121,0.07558726577617589,0.07557329630326148,0.0756291741949191,0.07580249913663484,0.07592718961709302,0.07597530669046486,0.07610258411035163,0.07613362738349475,0.07627901337938169,0.07628936113709606,0.0762433136152671,0.07640008214463984,0.07641508639332568,0.0765242552372123,0.07664118489938472,0.07682537498670054,0.07681813155630049,0.07683158364132917,0.07684296617481498,0.07703181275310228,0.07727757199881861,0.07737898002441947,0.07755954839653527,0.07755592668133524,0.07768734320430776,0.07775460362945118,0.07794914147448138,0.07816489222282605,0.07834080410397037,0.07827354367882695,0.07821766578716935,0.07819748765962632,0.07826009159379828,0.07834494320705612,0.07843341653551401,0.07848774226351447,0.07858087208294381,0.07852809851860051,0.07850274651220031,0.07869624958145907,0.0789968519430616,0.07914585965414855,0.07926744580729242,0.07937609726329334,0.07947750528889419,0.07960167838146666,0.07969066909781025,0.07976931205643949,0.07991676760386929,0.08001765824158442,0.0800725013574706,0.08024634368707205,0.08030377374238681,0.08036948200387309,0.08053038963633158,0.08065197578947544,0.08067525824433279,0.08079943133690526,0.08085737878010574,0.08082892244639121,0.08084858318604853,0.0810063864911927,0.08114711599610816,0.08120299388776578,0.08122161985165165,0.08145185746079643,0.08161690419634067,0.08184093315085683,0.08195889758880068,0.08224915219268883,0.0822791606900605,0.08227450419908904,0.08251974605691967,0.08268893189554966,0.08274791411452158,0.0827458445629787,0.08282241797006505,0.08294503889898036,0.08307593803406718,0.0831597548715536,0.08346035723315612,0.08357883905898568,0.08361712576252885,0.0837852768253874,0.08399533630698916,0.08417538729121925,0.08445063764642155,0.08458722804825126,0.08467052749785196,0.08466121451590902,0.08468811868596639,0.08498768627179748,0.08517860240162764,0.08523758462059956,0.08544609193854417,0.08553818698220209,0.08571047714814639,0.08607161389237798,0.08654761074723911,0.08706655079661488,0.0875673822699905,0.08797249698450818,0.08846711980325518,0.08902020745308839,0.08947809573194937,0.09014449132875495,0.09056978417081565,0.090901947193447,0.0912128973127639,0.09142916544899428,0.09170855490728233,0.09192585781928415,0.0920164006992849,0.09227302509060134,0.0924856715116317,0.09258707953723255,0.09282042147369164,0.09303099834317913,0.09337971777815347,0.09365548552124149,0.09388675790615772,0.09402903957473034,0.09430480731781836,0.09441190661016212,0.09444864115004814,0.09467473965610718,0.09483875161587997,0.09504415460651026,0.09505967624308183,0.0952283446938261,0.09529715728262667,0.09561276389291502,0.09572555445200169,0.09590715759988892,0.09608358686891898,0.0959568268369179,0.09600339174663258,0.09601373950434695,0.09619223832491988,0.09625277270754896,0.09647680166206513,0.09642092377040751,0.09655027074183717,0.09679758215121066,0.09698384179006937,0.09729996578824344,0.09758918561636015,0.09794307893019169,0.09800671764013508,0.09825040733430855,0.09839113683922401,0.09853962716242526,0.09878642118391304,0.09887334234871377,0.09914755792814463,0.0994776513992331,0.09961579396471998,0.09974203660883532,0.09999503928495174,0.10021492913638214,0.1004886273279273,0.100691443379129,0.10087459869067338,0.10109293637844664,0.10106034094164637,0.10105723661433205,0.10121607469524767,0.10137905187924903,0.10140750821296356,0.10151512489319303,0.10150477713547866,0.10167189342256577,0.10175933197525222,0.10183900970965289,0.10214478595011259,0.1024257275720578,0.10251730522783,0.10269839098783151,0.10283860310486126,0.10299278469480541,0.10306884071400604,0.10325044386189328,0.10339427769412306,0.10371557557115432,0.1038314704575553,0.10393805236201333,0.10418329421984394,0.1041237946129863,0.10438817982258852,0.10469136912361963,0.10495627172110757,0.10509286212293728,0.10528584780431033,0.1053712168054539,0.10559162404477003,0.10563456723928467,0.10579650964751461,