# R script for Peak Model
#  -- generated by MACS
p <- c(0.04275674133478674,0.04982032069959497,0.05688290068984677,0.06407090218692985,0.0711889474650632,0.07109200813309002,0.07109650531859393,0.07110200187865427,0.07108851032214254,0.07098357599371798,0.070960090691642,0.07109300750764645,0.07116646153754365,0.07103604315793026,0.07096208944075484,0.07095759225525093,0.07108201438752579,0.0711279856171213,0.07102754847420065,0.07106552470734478,0.07094609944785206,0.07086914760700737,0.07073323266733364,0.07074822328568,0.07078220202059844,0.07089962853097831,0.07090862290198613,0.07094160226234815,0.07104703627805092,0.07097558099726657,0.07095809194252915,0.0708336698102543,0.07101805441591462,0.07106502502006656,0.07112598686800846,0.07116496247570901,0.07101205816857607,0.07095159600791238,0.07091661789843753,0.07095759225525093,0.0710580293981716,0.07121193307986097,0.07107801688930009,0.0711439756100241,0.07107651782746545,0.07105303252538947,0.07110749843871461,0.07114847279552801,0.07114147717363303,0.07115896622837047,0.07117945340677717,0.07112598686800846,0.07118095246861181,0.07105852908544981,0.07105852908544981,0.07090462540376044,0.07077520639870347,0.07081568106823866,0.07084516261765318,0.07085215823954816,0.07085315761410457,0.0708216773155772,0.07087314510523307,0.07099456911383864,0.07098407568099618,0.0710340444088174,0.07114097748635483,0.07120093995974029,0.07128138961153246,0.07125640524762185,0.07134584927042184,0.07146177671896708,0.07141480611481514,0.07139631768552128,0.07146327578080172,0.07165065851013132,0.07173610503470561,0.07173960284565309,0.07162617383349891,0.07169812880156147,0.07159469353497154,0.07164666101190562,0.0717156178562989,0.07160368790597936,0.07160468728053579,0.07142679860949223,0.07128538710975817,0.07131386928461626,0.07134934708136934,0.07134634895770006,0.07135234520503861,0.07119144590145426,0.07110100250409784,0.07129438148076599,0.07131087116094699,0.07140831018019837,0.07155921573821847,0.07157620510567769,0.07166015256841735,0.07164066476456707,0.07177408126784973,0.07187851590899609,0.07198944648475922,0.07194697306611117,0.07196196368445754,0.07205790364187428,0.0720663983256039,0.07200793491405307,0.07196895930635251,0.07198844711020279,0.07197245711729999,0.07200393741582736,0.07200493679038379,0.07210037706052233,0.07214135141733573,0.07216783484308098,0.07225677917860276,0.07229825322269437,0.07238669787093795,0.0724996271958139,0.07247114502095581,0.07248413689018933,0.07253760342895804,0.07257158216387646,0.07256958341476362,0.07253560467984518,0.07248463657746754,0.07255609185825189,0.07249163219936251,0.07249812813397927,0.07247014564639939,0.07249463032303179,0.07249413063575358,0.0724051863002318,0.07256708497837255,0.07249313126119715,0.07257507997482396,0.0725765790366586,0.072634043073653,0.07262654776447981,0.07282692236304293,0.07286589797074348,0.07298782166662726,0.0731197391080753,0.07308276224948759,0.07322317437466523,0.0733196140193602,0.07340356148209985,0.07352698423981828,0.07346752145371102,0.07346302426820711,0.07349100675578699,0.07349750269040375,0.07340506054393449,0.0734550292717557,0.07346952020282387,0.07346002614453784,0.07344753396258252,0.07332511057942052,0.07361293045167078,0.07368538510701156,0.07377333006797691,0.07384428566148304,0.07395571592452438,0.07398319872482605,0.07413110615917687,0.07420456018907406,0.0743484701251992,0.07455833878204833,0.07445190539178913,0.07447938819209081,0.07450886974150532,0.07458832001874108,0.07458032502228967,0.07480168648653769,0.07478619618091312,0.07478319805724384,0.07476271087883714,0.0747487196350472,0.0748506558398025,0.0748426608433511,0.07479469086464273,0.07488863207294663,0.07506652074399019,0.07488913176022484,0.07513497790110527,0.07524540878959017,0.07527039315350077,0.0753283568777734,0.07531686407037452,0.07543978714081473,0.07558269770238343,0.07553522741095327,0.07555571458935997,0.07569962452548509,0.0756346651793175,0.0757036220237108,0.07581855009769961,0.07594696972820016,0.0760554018675722,0.07615633869777108,0.07621630117115655,0.0762837589537152,0.07634322173982246,0.07638269703480123,0.07646114793748054,0.07655658820761908,0.07662354630289953,0.07672248438398555,0.07677295279908498,0.07681242809406374,0.07695533865563245,0.07711823670832964,0.0772841328846961,0.07755896088771284,0.07762591898299327,0.077728854562305,0.07791174010613068,0.07793472572092844,0.07803816098751838,0.07810961626830272,0.07831398836509153,0.0783374736671675,0.07844890393020884,0.07839643676599656,0.07839893520238761,0.07831598711420439,0.07834197085267142,0.07847838547962337,0.07861629916840994,0.07873922223885015,0.07878269503205461,0.07889562435693058,0.07891561184805906,0.07900555555813728,0.07918394391645904,0.07943478693012158,0.07942329412272271,0.07948325659610818,0.0796636437035428,0.07975658553729027,0.07975858428640312,0.07981255051245004,0.07990399328436289,0.07999743480538857,0.08014084505423548,0.08013484880689693,0.08026576687378854,0.08037070120221311,0.0803252296598958,0.08036120714392708,0.08045464866495276,0.08053609769130136,0.08059356172829578,0.08076095696649688,0.08070549167861531,0.08083940786917619,0.08093984501209685,0.0810152977911069,0.08118968865120298,0.08120767739321862,0.08130511641247,0.08140555355539066,0.08162191814685656,0.08168238030752024,0.08191073739366324,0.08205114951884088,0.0821700750910554,0.08223853224817046,0.08230798877984197,0.08259031209203188,0.08272472796987097,0.08271173610063745,0.0827417173373302,0.0829091125755313,0.08301854408945977,0.08318444026582623,0.08335933081320052,0.08367563286030887,0.08397144772901051,0.08419031075686748,0.08432022944920266,0.08469299615874899,0.08494683729608081,0.08494533823424617,0.08510224003960482,0.08528812370709976,0.08542653708316456,0.085493495178445,0.08552497547697237,0.08558793607402711,0.08581279534922262,0.08584127752408072,0.08584977220781033,0.08615757957118907,0.086399927901122,0.0865138566005544,0.08668424996242477,0.08697406858378787,0.08730136375101688,0.08739080777381687,0.08782753445497438,0.08833271829324695,0.08875145623238881,0.08909973826530274,0.0895309683863999,0.08983977512433507,0.09045888766204002,0.09094808150740981,0.09130985509683547,0.09174858052710581,0.09196544480584994,0.09212934223310354,0.09237918587220967,0.09258755546722416,0.09274845477080851,0.09299729903535821,0.09299080310074145,0.0929193478199571,0.09295032843120625,0.0932096661285984,0.09337856042863414,0.09362340719495814,0.09391122706720839,0.09407312574534916,0.09415357539714134,0.09449885930638599,0.09466775360642173,0.09493158848931779,0.09519242524854457,0.09537531079237026,0.09540079484355908,0.0955931744456708,0.09568161909391436,0.0959484521004797,0.09619179980496906,0.09633171224286849,0.09657206182368858,0.0967204689453176,0.09699529694833434,0.09719217373594996,0.09738755146173095,0.09757793231472982,0.09780279158992532,0.09794670152605045,0.0981041030186873,0.09811759457519903,0.0981690623648549,0.09841640756756995,0.09849935565575318,0.09866575151939785,0.09892908671501571,0.09896406482449056,0.09912196600440563,0.09932533872663801,0.09953470769620894,0.09971059761813965,0.10011284587710051,0.10019779271439659,0.10042764886237422,0.100549572558258,0.10069997842899989,0.10077143370978424,0.10090185208939763,0.1009578170645574,0.10103826671634958,0.10120666132910709,0.10118717352525682,0.10143451872797188,0.1015374543072836,0.10180678575023999,0.10203464314910478,0.10248686013588686,0.10275169439333934,0.10301303083984435,0.10314694703040522,0.10333632850884766,0.10341328034969235,0.1035541921621482,0.10374057551692137,0.10369460428732584,0.10375556613526773,0.10374956988792919,0.10376306144444092,0.10382552235421745,0.10408585942616602,0.10437417898569448,0.10474644600796261,0.10480940660501735,0.10500278558168549,0.10519366612196256,0.1054280194554441,0.10559191688269771,0.10574981806261279,0.10596968046502617,0.10607761291712002,0.10616156037985967,0.10625100440265967,0.10653082927845851,0.10666424578174119,