# R script for Peak Model
#  -- generated by MACS
p <- c(0.016824723931817807,0.019678918170251185,0.02266455556440189,0.025950634457335055,0.028635830352703298,0.029011382226181374,0.029067715007203086,0.02938693409965945,0.028992604632507468,0.028879939070464048,0.02880482869576843,0.02908649260087699,0.028973827038833565,0.028485609603312066,0.02844805441596426,0.028110057729833993,0.027865949012073243,0.027696950669008107,0.02869216313372501,0.02835416644759474,0.028372944041268645,0.027903504199421048,0.02795983698044276,0.02771572826268201,0.02775328345002982,0.028279056072899125,0.028973827038833565,0.028992604632507468,0.02880482869576843,0.02893627185148576,0.02889871666413795,0.029124047788224798,0.028973827038833565,0.029274268537616027,0.02983759634783314,0.02993148431620266,0.029668598004768006,0.03002537228457218,0.029969039503550468,0.030100482659267794,0.03023192581498512,0.0306262552821371,0.031208360686028117,0.031245915873375926,0.03141491421644106,0.03137735902909325,0.031734133308897426,0.031527579778484485,0.031677800527875714,0.031734133308897426,0.03205335240135379,0.03179046608991914,0.031752910902571325,0.03180924368359304,0.03145246940378887,0.03190313165196256,0.03164024534052791,0.03137735902909325,0.031677800527875714,0.031321026248071544,0.03145246940378887,0.032241128338092825,0.03214724036972331,0.03254156983687529,0.032673012992592614,0.032166017963397214,0.03242890427483187,0.03280445614830994,0.032522792243201384,0.03314245283444021,0.03271056817994042,0.03207212999502769,0.03242890427483187,0.03246645946217967,0.03304856486607069,0.0335931150826139,0.033518004707918284,0.033780891019352936,0.03396866695609198,0.033780891019352936,0.03404377733078759,0.033912334175070266,0.03393111176874417,0.03368700305098342,0.03366822545730952,0.03323634080280973,0.03344289433322267,0.03323634080280973,0.03327389599015754,0.03318000802178802,0.033067342459744596,0.033574337488939995,0.03323634080280973,0.03394988936241807,0.033705780644657325,0.034400551610591766,0.034193998080178825,0.0345883275473308,0.03445688439161348,0.034757325890395936,0.03509532257652621,0.03533943129428695,0.03548965204367818,0.03492632423346107,0.03515165535754792,0.03537698648163476,0.03537698648163476,0.03509532257652621,0.03550842963735209,0.035602317605721606,0.03547087445000428,0.03547087445000428,0.03579009354246065,0.0360529798538953,0.035545984824699894,0.035189210544895724,0.035189210544895724,0.03537698648163476,0.03522676573224353,0.03563987279306942,0.03594031429185188,0.036165645415938724,0.03631586616532995,0.036653862851460224,0.03714208028698172,0.037066969912286106,0.03793073922128568,0.03808095997067691,0.03781807365924226,0.03779929606556835,0.03781807365924226,0.037498854566785894,0.0375364097541337,0.037555187347807606,0.03794951681495958,0.03781807365924226,0.03723596825535124,0.03776174087822055,0.038268735907415946,0.038418956656807175,0.038550399812524505,0.03900106206069819,0.03877573093661135,0.03847528943782889,0.03815607034537252,0.03849406703150279,0.03928272596580675,0.039245170778458946,0.039113727622741616,0.03885084131130696,0.038888396498654776,0.03866306537456793,0.03879450853028525,0.03868184296824183,0.03877573093661135,0.03862551018722012,0.03824995831374205,0.03813729275169862,0.03856917740619841,0.03864428778089402,0.03856917740619841,0.03847528943782889,0.039057394841719904,0.03956438987091531,0.04031549361787146,0.041010264583805904,0.04144214923830569,0.04208058742321842,0.04262513763976163,0.04328235341834826,0.04386445882223928,0.04420245550836955,0.044371453851434685,0.04459678497552153,0.04470945053756495,0.044934781661651796,0.045009892036347414,0.0449160040679779,0.04489722647430399,0.04463434016286934,0.044446564226130296,0.04465311775654324,0.04474700572491276,0.0449160040679779,0.04478456091226057,0.04407101235265222,0.04418367791469564,0.04425878828939126,0.04380812604121757,0.044033457165304414,0.04459678497552153,0.04504744722369522,0.04538544390982549,0.0454605542845211,0.045704663002281855,0.046906428997411695,0.04735709124558539,0.04763875515069394,0.04807063980519373,0.04925362820664967,0.04869030039643256,0.04878418836480208,0.04902829708256282,0.0494038489560409,0.049422626549714806,0.04880296595847598,0.04951651451808432,0.05013617510932315,0.05073705810688807,0.050417839014431705,0.05148816185384422,0.05113138757404005,0.051056277199344434,0.051600827415887646,0.05165716019690936,0.052164155226104764,0.051751048165278875,0.05116894276138786,0.05107505479301834,0.050887278856279305,0.051056277199344434,0.051675937790583264,0.05192004650834401,0.051675937790583264,0.05250215191223503,0.05274626062999578,0.05255848469325674,0.053215700471843375,0.05323447806551728,0.053628807532669256,0.05392924903145172,0.05451135443534274,0.054210912936560274,0.0553000133696467,0.05516857021392937,0.05586334117986381,0.056520556958450444,0.05670833289518948,0.05715899514336317,0.05796643167134104,0.05807909723338446,0.05866120263727548,0.05941230638423163,0.05933719600953601,0.059093087291775266,0.05941230638423163,0.05984419103873142,0.05986296863240532,0.059806635851383606,0.059806635851383606,0.060031966975470454,0.060369963661600724,0.06046385162997024,0.06063284997303538,0.06151539687570885,0.06196605912388255,0.062397943778382335,0.06266083008981699,0.06329926827472972,0.0631866027126863,0.06378748571025121,0.06401281683433806,0.06491414133068545,0.06577791063968502,0.06617224010683699,0.06660412476133679,0.0666792351360324,0.06788100113116224,0.06891376878322696,0.06951465178079187,0.06947709659344406,0.06912032231363989,0.06868843765914011,0.06827533059831423,0.0686133272844445,0.06868843765914011,0.07007797959100899,0.06992775884161775,0.06994653643529167,0.06996531402896557,0.0696460949365092,0.07094174890000857,0.07178674061533423,0.07246273398759477,0.07223740286350792,0.07280073067372504,0.07242517880024696,0.07349550163965948,0.07413393982457221,0.07503526432091959,0.07638725106544067,0.07631214069074505,0.07678158053259264,0.0770632444377012,0.07849034155691789,0.07835889840120057,0.0789973365861133,0.07869689508733083,0.07920389011652623,0.0800113266445041,0.08126942542065566,0.08217074991700303,0.08260263457150283,0.08371051259826315,0.08442406115787149,0.08603893421382722,0.08675248277343556,0.08782280561284808,0.08896823882695622,0.08926868032573868,0.08962545460554285,0.09065822225760756,0.09152199156660713,0.09225431771988937,0.09302419906051944,0.09345608371501922,0.0938316355884973,0.09400063393156242,0.09422596505564927,0.09462029452280125,0.09617883479773527,0.09616005720406137,0.09700504891938704,0.0973618231991912,0.09758715432327805,0.09805659416512565,0.09905180662984256,0.09984046556414651,0.09967146722108138,0.10044134856171144,0.09991557593884212,0.10068545727947219,0.1017370025252108,0.10278854777094941,0.10352087392423166,0.10410297932812268,0.10415931210914439,0.10543618847896985,0.1062248474132738,0.10823404993638151,0.10859082421618568,0.1091541520264028,0.10994281096070675,0.11076902508235853,0.11121968733053221,0.11178301514074933,0.11305989151057479,0.11334155541568335,0.1141114367563134,0.11373588488283533,0.11444943344244367,0.11514420440837811,0.11597041853002987,0.11634597040350796,0.11749140361761609,0.11809228661518101,0.11865561442539813,0.11844906089498518,0.11921894223561523,0.1195193837343977,0.1200827115446148,0.12166002941322274,0.12244868834752669,0.12366923193633043,0.1250212186808515,0.12562210167841642,0.12753741623315462,0.13059816400200094,0.13157459887304393,0.13442879311147732,0.13623144210417207,0.13651310600928063,0.13705765622582386,0.1369074354764326,0.13643799563458503,0.1373580977246063,0.13696376825745432,0.13649432841560674,0.13797775831584513,0.13801531350319293,0.13916074671730108,0.13991185046425722,0.14032495752508312,0.1421651617051257,0.14394903310414656,0.14507568872458076,0.1467468945615582,0.14806132611873146,0.1491692041454918,0.15076529960777363,0.1512347394496212,0.15384482497029384,0.1554972532135974,0.15564747396298861,