# R script for Peak Model
#  -- generated by MACS
p <- c(0.026156501169934808,0.031842697076442376,0.03596518910866036,0.042220004605818685,0.047195426024012804,0.04620034174037398,0.04676896133102474,0.04776404561466356,0.04705327112635012,0.04804835540998894,0.047195426024012804,0.04605818684271129,0.045916031945048605,0.04477879276374709,0.04477879276374709,0.045205257456735155,0.045205257456735155,0.04492094766140978,0.04577387704738591,0.04577387704738591,0.047906200512326254,0.04804835540998894,0.04847482010297701,0.04833266520531432,0.04804835540998894,0.04946990438661583,0.04747973581933818,0.04747973581933818,0.04634249663803667,0.047195426024012804,0.047621890717000875,0.04833266520531432,0.047621890717000875,0.04705327112635012,0.04776404561466356,0.045916031945048605,0.04819051030765163,0.04875912989830239,0.05046498867025466,0.05074929846558004,0.05018067887492928,0.049612059284278524,0.05146007295389348,0.05273946703285768,0.05273946703285768,0.053876706214159194,0.05472963560013533,0.05657764926975029,0.056009029679099535,0.0551561002931234,0.05572471988377416,0.056009029679099535,0.0551561002931234,0.05373455131649651,0.053592396418833815,0.05345024152117113,0.05217084744220692,0.051602227851556166,0.052313002339869616,0.05302377682818306,0.053592396418833815,0.05472963560013533,0.05544041008844878,0.057288423758063735,0.05828350804170256,0.060700141301968276,0.062406000073920546,0.06183738048326979,0.06055798640430559,0.05870997273469063,0.05998936681365483,0.057714888451051806,0.05856781783702794,0.05856781783702794,0.05686195906507567,0.05472963560013533,0.053592396418833815,0.05330808662350844,0.05330808662350844,0.053592396418833815,0.05202869254454424,0.054018861111821886,0.05288162193052037,0.05273946703285768,0.05416101600948457,0.05572471988377416,0.057004113962738356,0.057288423758063735,0.05842566293936525,0.057004113962738356,0.056009029679099535,0.05487179049779802,0.05544041008844878,0.05458748070247264,0.056293339474424914,0.05487179049779802,0.054303170907147265,0.05501394539546071,0.054018861111821886,0.05444532580480995,0.05572471988377416,0.056009029679099535,0.055298255190786086,0.05572471988377416,0.05302377682818306,0.054018861111821886,0.054303170907147265,0.05444532580480995,0.055582564986111464,0.05785704334871449,0.05743057865572643,0.05757273355338911,0.05870997273469063,0.06027367660898021,0.05956290212066676,0.05885212763235332,0.05714626886040105,0.0564354943720876,0.05501394539546071,0.05458748070247264,0.05501394539546071,0.05586687478143684,0.0564354943720876,0.05458748070247264,0.055582564986111464,0.056293339474424914,0.05828350804170256,0.05842566293936525,0.05870997273469063,0.058994282530016005,0.05870997273469063,0.05814135314403987,0.05757273355338911,0.057714888451051806,0.05828350804170256,0.05743057865572643,0.0564354943720876,0.057714888451051806,0.05657764926975029,0.0564354943720876,0.05572471988377416,0.05444532580480995,0.053876706214159194,0.053592396418833815,0.05217084744220692,0.05416101600948457,0.05330808662350844,0.0511757631585681,0.05288162193052037,0.05174438274921886,0.05288162193052037,0.054018861111821886,0.05444532580480995,0.05501394539546071,0.05501394539546071,0.05472963560013533,0.05472963560013533,0.05544041008844878,0.05586687478143684,0.05842566293936525,0.05785704334871449,0.05956290212066676,0.06013152171131752,0.05998936681365483,0.061695225585607104,0.05984721191599214,0.06055798640430559,0.06013152171131752,0.05998936681365483,0.05757273355338911,0.05885212763235332,0.05686195906507567,0.05444532580480995,0.057288423758063735,0.05544041008844878,0.05615118457676222,0.0564354943720876,0.05657764926975029,0.05586687478143684,0.05757273355338911,0.05472963560013533,0.05657764926975029,0.05785704334871449,0.0551561002931234,0.05586687478143684,0.05544041008844878,0.05444532580480995,0.057288423758063735,0.05785704334871449,0.055582564986111464,0.05842566293936525,0.05885212763235332,0.057999198246377184,0.057714888451051806,0.05785704334871449,0.057714888451051806,0.05814135314403987,0.05544041008844878,0.0564354943720876,0.05785704334871449,0.057004113962738356,0.0551561002931234,0.056293339474424914,0.05671980416741298,0.05757273355338911,0.05870997273469063,0.059705057018329455,0.059278592325341384,0.05814135314403987,0.05956290212066676,0.06027367660898021,0.06126876089261903,0.060984451097293654,0.0604158315066429,0.06027367660898021,0.05984721191599214,0.059420747223004076,0.0604158315066429,0.061695225585607104,0.059705057018329455,0.05870997273469063,0.058994282530016005,0.059705057018329455,0.0604158315066429,0.06112660599495635,0.060984451097293654,0.05998936681365483,0.05998936681365483,0.06027367660898021,0.06112660599495635,0.061695225585607104,0.061410915790281725,0.06112660599495635,0.06126876089261903,0.06126876089261903,0.06126876089261903,0.06283246476690861,0.063116774562234,0.06297461966457131,0.06254815497158324,0.06254815497158324,0.06197953538093248,0.06084229619963097,0.06126876089261903,0.06212169027859517,0.06340108435755937,0.06183738048326979,0.06027367660898021,0.05998936681365483,0.060700141301968276,0.059705057018329455,0.06055798640430559,0.062406000073920546,0.06269030986924592,0.061695225585607104,0.06183738048326979,0.06453832353886088,0.06624418231081315,0.06752357638977735,0.07065098413835652,0.07150391352433265,0.07264115270563416,0.07463132127291182,0.0747734761705745,0.07392054678459838,0.07377839188693568,0.0722146880126461,0.07306761739862223,0.07292546250095955,0.06979805475238038,0.0707931390360192,0.07036667434303114,0.06894512536640425,0.06809219598042811,0.06922943516172962,0.06809219598042811,0.06823435087809081,0.06652849210613854,0.06595987251548778,0.06908728026406694,0.06780788618510274,0.06624418231081315,0.06624418231081315,0.06866081557107886,0.06922943516172962,0.07036667434303114,0.0734940820916103,0.07562640555655065,0.07420485657992375,0.07363623698927299,0.07406270168226106,0.0747734761705745,0.07548425065888795,0.07576856045421333,0.07534209576122526,0.0761950251472014,0.07363623698927299,0.07306761739862223,0.07377839188693568,0.07363623698927299,0.07463132127291182,0.07434701147758643,0.07505778596589989,0.07633718004486409,0.0773322643285029,0.07690579963551485,0.07903812310045517,0.07861165840746712,0.08045967207708207,0.08159691125838359,0.08216553084903434,0.08557724839293888,0.08643017777891501,0.08586155818826426,0.08486647390462544,0.08699879736956577,0.08813603655086728,0.08984189532281955,0.09026836001580762,0.09097913450412107,0.09296930307139872,0.09154775409477182,0.09112128940178375,0.09154775409477182,0.09538593633166444,0.0959545559223152,0.09524378143400175,0.09609671081997788,0.09908196367089435,0.09766041469426746,0.09723395000127939,0.09808687938725554,0.0997927381592078,0.09950842836388242,0.09922411856855705,0.09652317551296595,0.09552809122932712,0.09495947163867637,0.09382223245737485,0.09581240102465251,0.09851334408024359,0.09865549897790629,0.09950842836388242,0.09950842836388242,0.09936627346621973,0.10320445570311233,0.10704263794000494,0.1090328065072826,0.10704263794000494,0.10618970855402882,0.10377307529376309,0.10647401834935419,0.10547893406571536,0.10476815957740192,0.10448384978207655,0.10334661060077503,0.10220937141947352,0.10263583611246158,0.10434169488441385,0.1063318634516915,0.10704263794000494,0.10562108896337806,0.10590539875870343,0.10704263794000494,0.1090328065072826,0.10945927120027066,0.10931711630260797,0.10817987712130646,0.10860634181429453,0.11201805935819907,0.11386607302781403,0.11528762200444091,0.11798856506003201,0.11912580424133352,0.11869933954834545,0.12040519832029772,0.12012088852497235,0.12068950811562311,0.12012088852497235,0.11500331220911554,0.11486115731145286,0.11486115731145286,0.11400822792547671,0.11443469261846478,0.1128709887441752,0.11130728486988563,0.1128709887441752,0.11386607302781403,0.11628270628807974,0.11884149444600815,0.11941011403665891,0.11912580424133352,0.1181307199576947,0.11727779057171857,0.1208316630132858,