# R script for Peak Model
#  -- generated by MACS
p <- c(0.042965045311061205,0.05013754280837124,0.05709838076957898,0.06447149469675989,0.07161454391078613,0.07153540164946093,0.0715390826848714,0.07184828965935128,0.07169000513670086,0.07154644475569234,0.07152251802552426,0.07146362145895667,0.07176178532720512,0.07145625938813571,0.07136239298516861,0.07134950936123195,0.0713366257372953,0.07105318601068873,0.07102373772740493,0.07092066873591164,0.07095747909001639,0.07107343170544635,0.07106606963462539,0.07113416878971918,0.07134030677270577,0.07143969472878858,0.07151883699011378,0.07173233704392132,0.07194215606231838,0.07215749663383116,0.07209860006726355,0.07192743192067648,0.07179307412819416,0.07174890170326846,0.07168816461899563,0.07157221200356567,0.07135503091434767,0.07146178094125143,0.07152619906093474,0.07132374211335862,0.0714452162819043,0.07139184126845241,0.07136607402057908,0.07153356113175569,0.07154828527339759,0.07173233704392132,0.07170472927834276,0.07132558263106387,0.07125012140514914,0.07136975505598957,0.07124275933432818,0.07128877227695912,0.07118202225005535,0.07088569889951213,0.0708985825234488,0.07095747909001639,0.07110287998873015,0.0712777291707277,0.07121699208645486,0.07113969034283489,0.07126484554679104,0.07143601369337811,0.07158693614520757,0.07185013017705652,0.07174706118556322,0.0713715955736948,0.07143233265796763,0.07140840592779954,0.0714304921402624,0.0712482808874439,0.07133478521959005,0.07123355674580199,0.07126116451138055,0.07115809551988726,0.07104030238675207,0.07105134549298349,0.0711157636126668,0.07117650069693963,0.07117650069693963,0.0714010438569786,0.07122067312186534,0.071086315329383,0.0710366213513416,0.07110287998873015,0.07129429383007482,0.07137711712681051,0.07122251363957056,0.07112864723660346,0.07125380244055961,0.07109551791790919,0.07110656102414062,0.07122067312186534,0.07139920333927335,0.071597979251439,0.07162006546390184,0.0717360180793318,0.07184828965935128,0.07193847502690791,0.07174338015015275,0.07206547074856928,0.07205994919545358,0.07218510439940971,0.07203418194758025,0.0716918456544061,0.07182436292918319,0.07180595775213082,0.07167896203046945,0.0716771215127642,0.07195135865084457,0.07190902674362411,0.07206547074856928,0.07191638881444506,0.07177282843343655,0.071815160340657,0.07156484993274473,0.07154828527339759,0.0714304921402624,0.07149306974224047,0.07124644036973865,0.0710218972096997,0.0710071730680578,0.07096116012542686,0.07119674639169725,0.07120594898022344,0.07129061279466435,0.07130165590089578,0.07161454391078613,0.07151147491929284,0.07148386715371428,0.07166975944194326,0.07155012579110283,0.07173785859703703,0.07189062156657174,0.07215013456301021,0.07217222077547306,0.07199921211118074,0.07176362584491036,0.07194399658002362,0.07220350957646209,0.072179582846294,0.0722826518377873,0.0722090311295778,0.07198264745183361,0.07175442325638418,0.0715390826848714,0.07165135426489087,0.0717415396324475,0.07179859568130986,0.07179675516360463,0.07191086726132935,0.07201393625282264,0.07210228110267404,0.07229185442631349,0.07259001829456194,0.07289922526904181,0.07302622099070319,0.07307039341562889,0.07312560894678602,0.07326364777467882,0.07305198823857652,0.07297468649495654,0.07294339769396752,0.07312376842908078,0.0728734580211685,0.07301517788447177,0.07298757011889322,0.07307775548644985,0.0729820485657775,0.07292131148150467,0.07300597529594559,0.07312744946449125,0.07326364777467882,0.07296180287101989,0.07310352273432316,0.07303726409693462,0.07325076415074215,0.07316610033630123,0.07323235897368978,0.07330782019960451,0.07342929436815018,0.0733759193546983,0.07354156594816966,0.07374034186033529,0.07379371687378718,0.0737311392718091,0.07356733319604299,0.07372929875410388,0.0738342082633024,0.07375690651968243,0.0738342082633024,0.07405875142334135,0.07397960916201615,0.07388022120593334,0.07415813937942418,0.07436059632700029,0.07460538518179687,0.0745336049912926,0.0744452601414412,0.07459066104015497,0.07443421703520979,0.07439924719881028,0.07452256188506118,0.0747158162441111,0.07455569120375545,0.07450047567259833,0.07464955760672255,0.07487041973135104,0.07476182918674204,0.07482072575330963,0.07504526891334859,0.07505631201958002,0.07501398011235956,0.07512073013926332,0.0751152085861476,0.07495876458120243,0.07489986801463484,0.07497532924054957,0.07514097583402093,0.07505815253728525,0.07526981207338755,0.07545202332620606,0.07548515264490033,0.07551644144588936,0.07538944572422798,0.07571889839346548,0.07577227340691735,0.07571337684034976,0.07578699754855925,0.07587350188070541,0.07579804065479068,0.07590110964628397,0.07589374757546302,0.07591583378792587,0.07629866147061524,0.07644038133391852,0.07661523051591607,0.07681584694578694,0.07705695476517303,0.07727597637209628,0.077390088469821,0.07762199370068092,0.07787046359088796,0.07797537310008648,0.07820175677783069,0.07823856713193543,0.07824040764964067,0.07809316623322168,0.0782220024725883,0.07830482576932397,0.07837108440671252,0.07824040764964067,0.07842814045557488,0.078630597403151,0.07873734743005475,0.07878520089039093,0.0786950155228343,0.07902630870977703,0.07911465355962842,0.07918827426783792,0.07937784759147737,0.079468032959034,0.07935208034360404,0.07923428721046885,0.07912201563044938,0.0793152699894993,0.07976803734498769,0.07993736497386952,0.07995945118633238,0.07995024859780618,0.0799557701509219,0.0801674296870242,0.08020608055883419,0.08041958061264172,0.08050056339167216,0.08040485647099982,0.08022448573588656,0.08016006761620324,0.08001650723519474,0.08026313660769654,0.080305468514917,0.08025945557228606,0.08073062810482683,0.08095517126486579,0.08113554199997905,0.08143002483281704,0.08161959815645649,0.08153861537742604,0.08190303788306304,0.0819895422152092,0.08226930090640527,0.08239261559265618,0.08224905521164766,0.08236684834478286,0.0824680768185709,0.0826097966818742,0.08279200793469269,0.0831766761350873,0.08366993488009092,0.08406380566901171,0.08444847386940632,0.08510185765476559,0.08580861645357674,0.08623193552578133,0.08700127192657056,0.08778717298670692,0.08871847494555703,0.08980438039164708,0.09049273401340585,0.09099335482923042,0.09169827311033633,0.0921547215012352,0.09292773893743489,0.09345780803654326,0.09392898056908403,0.09399707972417781,0.09443512293802431,0.09436702378293052,0.09464862299183184,0.09494862737778553,0.09499095928500599,0.09524679124603398,0.09506273947551025,0.09524863176373922,0.09518053260864544,0.09552470941952483,0.09538298955622154,0.09568851549529095,0.09558176546838719,0.09566090772971239,0.09582103277006804,0.09588729140745658,0.09608790783732746,0.0963363777275345,0.0966952786800558,0.09702841238470376,0.09698423995977806,0.09691430028697905,0.09706154170339804,0.09734682194770983,0.09774621428974634,0.09807198592357334,0.09821554630458186,0.09828732649508612,0.09836462823870609,0.09827444287114946,0.09859101191645028,0.09881187404107877,0.09914684826343198,0.09930881382149287,0.0992517577726305,0.09916709395818958,0.09954992164087896,0.09976526221239174,0.10002109417341973,0.10033950373642579,0.10058981414433807,0.10104258149982646,0.10128921087232827,0.10148614626678867,0.10147510316055725,0.10171621097994335,0.10157265059893483,0.10178431013503712,0.10181007738291045,0.1017382971924062,0.10162418509468148,0.10187265498488852,0.10190762482128803,0.101876336020299,0.10216529730002126,0.102349349070545,0.10264199138567774,0.10261806465550966,0.10257941378369967,0.10287573713424289,0.10323279756905894,0.10306899149329281,0.10311316391821851,0.1031076423651028,0.1034867890123817,0.10354016402583358,0.10381808219932442,0.10407207364264719,0.10440888838270562,0.10450459530337797,0.10471441432177503,0.10464815568438648,0.10480091865392117,0.10500521611920252,0.10497576783591873,0.10525920756252528,0.10530337998745098,0.10529049636351433,0.10547822916944853,0.10573406113047652,0.10601381982167261,0.10658069927488571,0.10669849240802091,0.10685861744837656,0.10727641496746544,