# R script for Peak Model
#  -- generated by MACS
p <- c(0.02018542815793153,0.023055833079472253,0.02564845687957355,0.028704049215407222,0.03240779750126622,0.032870766036998594,0.03245409435483946,0.03291706289057183,0.033009656597718304,0.03273187547627888,0.03157445413694795,0.03162075099052118,0.03185223525838737,0.031342969869081756,0.03143556357622823,0.03152815728337471,0.03226890694054651,0.03180593840481413,0.03175964155124089,0.031204079308362043,0.03185223525838737,0.03250039120841269,0.0326392817691324,0.033380031426304205,0.0326392817691324,0.032870766036998594,0.03180593840481413,0.03199112581910708,0.03171334469766766,0.03213001637982679,0.03175964155124089,0.03125037616193528,0.03125037616193528,0.03180593840481413,0.03208371952625356,0.03208371952625356,0.032361500647692984,0.03203742267268032,0.03175964155124089,0.03282446918342535,0.03296335974414507,0.03333373457273097,0.03402818737632953,0.032870766036998594,0.03250039120841269,0.03250039120841269,0.03217631323340003,0.03273187547627888,0.03282446918342535,0.032361500647692984,0.032685578622705644,0.032870766036998594,0.032361500647692984,0.03347262513345068,0.03416707793704924,0.03398189052275629,0.03439856220491543,0.03513931186208723,0.03555598354424636,0.0352319055692337,0.03555598354424636,0.03537079612995342,0.03564857725139284,0.035278202422806944,0.0352319055692337,0.03490782759422104,0.03564857725139284,0.03537079612995342,0.036111545787125214,0.03652821746928435,0.03620413949427169,0.03625043634784493,0.036343030054991406,0.036991186005016725,0.0370837797121632,0.03791712307648148,0.036991186005016725,0.03588006151925903,0.03495412444779428,0.0348615307406478,0.035602280397819604,0.03555598354424636,0.035278202422806944,0.0352319055692337,0.03463004647278162,0.03453745276563514,0.03537079612995342,0.036111545787125214,0.035926358372832264,0.03601895207997874,0.03574117095853931,0.036343030054991406,0.036481920615711115,0.036111545787125214,0.03643562376213788,0.03620413949427169,0.03583376466568579,0.03574117095853931,0.03638932690856464,0.03620413949427169,0.03555598354424636,0.03606524893355198,0.03643562376213788,0.03606524893355198,0.036620811176430824,0.037824529369335,0.038194904197920904,0.03879676329437299,0.03861157588008004,0.0393060286836786,0.03912084126938565,0.03884306014794622,0.03875046644079975,0.03963010665869126,0.039259731830105365,0.038518982172933564,0.03884306014794622,0.0389356538550927,0.0393060286836786,0.0385652790265068,0.039583809805118025,0.03916713812295889,0.03875046644079975,0.038194904197920904,0.03865787273365327,0.039213434976532124,0.03865787273365327,0.038518982172933564,0.03847268531936032,0.038704169587226514,0.03824120105149414,0.03898195070866594,0.04000048148727716,0.040278262608716586,0.04046345002300954,0.03949121609797155,0.039583809805118025,0.03949121609797155,0.03963010665869126,0.04000048148727716,0.04069493429087572,0.04064863743730249,0.04000048148727716,0.04074123114444896,0.04037085631586306,0.0411579028266081,0.04148198080162076,0.04148198080162076,0.04148198080162076,0.04106530911946162,0.040417153169436296,0.04074123114444896,0.04134309024090105,0.04050974687658277,0.04074123114444896,0.04092641855874191,0.04069493429087572,0.04101901226588839,0.04143568394804752,0.041528277655194,0.04185235563020666,0.041528277655194,0.04222273045879256,0.0418986524837799,0.042454214726658744,0.042315324165939035,0.04291718326239112,0.04402830774814882,0.044537573137454434,0.045417213355345945,0.045787588183931846,0.04546351020891918,0.045370916501772704,0.04657463469467688,0.04652833784110364,0.0475931654732881,0.04805613400902048,0.04694500952326278,0.04685241581611631,0.046435744133957166,0.046111666158944506,0.046620931548250116,0.04680611896254307,0.04708390008398249,0.04708390008398249,0.04708390008398249,0.04638944728038393,0.045926478744651555,0.04620425986609098,0.04731538435184868,0.04824132142331343,0.048148727716166954,0.047639462326861344,0.04754686861971487,0.048472805691179614,0.04791724344830077,0.04879688366619228,0.04925985220192465,0.049352445909071126,0.049167258494778175,0.04925985220192465,0.05050986724840206,0.05101913263770767,0.05171358544130624,0.051250616905573865,0.05115802319842739,0.051065429491280914,0.05083394522341473,0.05064875780912178,0.05060246095554854,0.05069505466269501,0.05000060185909645,0.0498154144448035,0.0490746647876317,0.04958393017693732,0.04995430500552321,0.05000060185909645,0.05148210117344005,0.05199136656274566,0.05250063195205128,0.05319508475564984,0.053982131266394874,0.05476917777713991,0.05601919282361732,0.05564881799503142,0.05643586450577646,0.056898833041508834,0.05666734877364264,0.056389567652203224,0.05675994248078912,0.05694512989508207,0.05606548967719056,0.0564821613593497,0.05560252114145819,0.0564821613593497,0.05666734877364264,0.05578770855575113,0.05620438023791027,0.05750069213796092,0.057084020455801784,0.05666734877364264,0.05736180157724121,0.05717661416294826,0.05731550472366797,0.056898833041508834,0.05666734877364264,0.05842662920942567,0.05787106696654682,0.05685253618793559,0.057593285845107395,0.057084020455801784,0.05819514494155948,0.05782477011297358,0.05754698899153416,0.05754698899153416,0.057454395284387685,0.05652845821292293,0.057408098430814444,0.057408098430814444,0.05675994248078912,0.058472926062998906,0.05782477011297358,0.05888959774515804,0.05972294110947632,0.0599544253773425,0.06027850335235517,0.060880362448807256,0.06143592469168611,0.06259334603101704,0.06402854849178741,0.06356557995605502,0.06407484534536063,0.06490818870967892,0.06555634465970424,0.0658804226347169,0.06648228173116899,0.06708414082762107,0.0673619219490605,0.06851934328839143,0.06833415587409848,0.06819526531337877,0.06851934328839143,0.06865823384911114,0.06930638979913648,0.07023232687060121,0.07115826394206597,0.07351940347430108,0.07384348144931374,0.07296384123142223,0.07356570032787432,0.07398237201003345,0.07444534054576583,0.07481571537435174,0.07574165244581647,0.07564905873867,0.07541757447080381,0.07402866886360669,0.07481571537435174,0.07625091783512208,0.07583424615296296,0.07648240210298828,0.07666758951728123,0.07736204232087979,0.07782501085661216,0.07810279197805159,0.08088060319244583,0.08203802453177678,0.08143616543532468,0.08226950879964295,0.0837973049675598,0.08551028854976958,0.0868991941569667,0.08777883437485821,0.08828809976416382,0.08976959907850743,0.08740845954627231,0.0872695689855526,0.08879736515346943,0.08958441166421448,0.09120480153927779,0.0920844417571693,0.09338075365721994,0.09250111343932843,0.09291778512148757,0.09310297253578052,0.09514003409300296,0.09629745543233391,0.09754747047881132,0.09722339250379866,0.09717709565022542,0.09569559633588182,0.09435298758225794,0.09620486172518743,0.09564929948230859,0.09639004913948038,0.09722339250379866,0.09703820508950571,0.09634375228590715,0.0961585648716142,0.09657523655377333,0.09759376733238456,0.09884378237886197,0.09847340755027607,0.09981601630389995,0.10176048415397593,0.10213085898256183,0.10301049920045334,0.10421421739335751,0.10463088907551665,0.10439940480765046,0.10639016951129968,0.10801055938636299,0.1088901996042545,0.11078837060075723,0.10921427757926716,0.11097355801505018,0.11176060452579521,0.11101985486862342,0.11264024474368672,0.11398285349731062,0.1129643227186994,0.11203838564723465,0.11328840069371206,0.11277913530440645,0.11416804091160357,0.11407544720445709,0.11389025979016414,0.11597361820095983,0.11625139932239925,0.11740882066173018,0.11889031997607379,0.11967736648681883,0.12060330355828357,0.12250147455478631,0.12352000533339753,0.12430705184414256,0.1264367071085115,0.12740894103354947,0.1287978466407466,0.13134417358727465,0.13347382885164358,0.1352331092874266,0.1354645935552928,0.13592756209102516,0.137455358258942,0.13801092050182084,0.13852018589112647,0.14060354430192215,0.1417609656412531,0.14097391913050805,0.14217763732341224,0.1420387467626925,0.1420387467626925,0.1428720901270108,0.14319616810202346,0.14379802719847554,