# R script for Peak Model
#  -- generated by MACS
p <- c(0.043121312233062904,0.05035477903654906,0.05751875138035259,0.06473559994347985,0.07200532472593085,0.07197510974346015,0.07197662049258367,0.07213071690318426,0.0719856849873249,0.07202496446453681,0.07227574881904364,0.07214280289617254,0.07211409866282538,0.07208841592772527,0.07206424394174872,0.07221531885410223,0.07205215794876044,0.07197510974346015,0.07216395338390204,0.07218057162426092,0.07207784068386053,0.07233164653661443,0.07214582439441962,0.07222891559621404,0.07213524915055487,0.07197813124170721,0.0721971898646198,0.07200834622417791,0.07193280876800116,0.07176964786265937,0.07148109478006416,0.07136929934492256,0.07164727718365302,0.07163972343803535,0.07166993842050605,0.07172281463982978,0.07168202441349433,0.07172130389070625,0.07188597554517158,0.07209294817509589,0.07235128627522039,0.07226064132780828,0.0722787703172907,0.07215186739091375,0.072183593122508,0.07220776510848455,0.0719343195171247,0.07204158270489569,0.0720506471996369,0.07198719573644842,0.07174547587668281,0.07186633580656561,0.07175907261879462,0.07190259378553046,0.07183461007497138,0.07165332018014717,0.07186633580656561,0.0718270563293537,0.07163519119066475,0.07191165828027167,0.07213373840143134,0.07196755599784246,0.07206877618911932,0.07197057749608954,0.07183309932584785,0.07195698075397772,0.07191014753114813,0.07178173385564765,0.071969066746966,0.07182403483110664,0.07184367456971259,0.07189504003991279,0.07184820681708319,0.07170015340297675,0.07170921789771796,0.07168504591174141,0.07161706220118232,0.07174849737492987,0.07146749803795234,0.07147505178357003,0.07142972930986397,0.07154907849062324,0.0714659872888288,0.07169713190472968,0.07195093775748358,0.07173338988369453,0.0719388517644953,0.07192223352413642,0.07218661462075505,0.07200381397680732,0.07200381397680732,0.0719343195171247,0.07198115273995428,0.07195849150310125,0.07192223352413642,0.07211712016107244,0.0722138081049787,0.07198719573644842,0.07188597554517158,0.07205669019613103,0.0720461149522663,0.07208237293123114,0.07219416836637274,0.07218510387163153,0.0722274048470905,0.07233617878398504,0.07229085631027898,0.07246610320860906,0.07244797421912663,0.07246459245948553,0.07255976965426823,0.07263379636132146,0.07269875857363346,0.0727259520578571,0.07270178007188054,0.07269724782450993,0.07265494684905095,0.07279393576841618,0.07303112338081119,0.07302508038431706,0.07292990318953434,0.0729586074228815,0.0729540751755109,0.07281961850351627,0.07292083869479313,0.07289213446144596,0.07300695139483464,0.07289515595969304,0.07284832273686344,0.07286040872985172,0.07280753251052799,0.07268062958415104,0.07276523153506902,0.07303414487905827,0.07308097810188785,0.07318975203878238,0.07297069341586979,0.0729888224053522,0.07283925824212223,0.07289666670881657,0.07302054813694644,0.07304925237029361,0.07273803805084537,0.07268969407889225,0.07277731752805729,0.07279091427016911,0.07294803217901676,0.0730704028580231,0.07326075724758853,0.0732033487808942,0.07341787515643618,0.0735780145635309,0.073883185886485,0.07396174484090882,0.07383937416190248,0.0739783630812677,0.07392397611282045,0.07394059435317933,0.07407202952692689,0.07420195395155091,0.07411735200063295,0.0742442549270099,0.07426238391649231,0.07431374938669251,0.07425785166912172,0.07394965884792054,0.07386958914437318,0.07392850836019105,0.0738227559215436,0.07386958914437318,0.073948148098797,0.07389073963210267,0.07392850836019105,0.07378347644433168,0.07367923475480775,0.07398289532863832,0.07435000736565735,0.07427749140772767,0.07421403994453919,0.07415814222696838,0.0740810940216681,0.07418986795856262,0.07421706144278627,0.07434547511828675,0.07465517868861145,0.07464309269562316,0.07470352266056457,0.07493013502909483,0.07478812461148254,0.07502531222387755,0.07518696238009581,0.07520660211870177,0.07531688680471983,0.07539091351177304,0.07541206399950254,0.07540299950476133,0.07540753175213194,0.07538789201352598,0.07573083206456845,0.07574896105405088,0.07588190697692196,0.07574745030492734,0.07582147701198055,0.0758924822207867,0.07594837993835751,0.0760601753734991,0.07596650892783993,0.0760601753734991,0.07621125028585261,0.076249019013941,0.07622937927533505,0.07646505613860652,0.0763955616789239,0.07634268545960017,0.07654361509303034,0.07674001247908992,0.07700137207746148,0.07702856556168512,0.07710410301786187,0.07703914080554987,0.07712978575296198,0.07692130237391412,0.07700288282658502,0.0772385596898565,0.07718417272140923,0.07715093624069146,0.077152446989815,0.07725819942846246,0.07733524763376275,0.07763739745846977,0.07755732775492241,0.07783983784102348,0.07809062219553031,0.07807551470429495,0.07818126714294242,0.0781978853833013,0.07836255703776662,0.07854837917996145,0.07834291729916067,0.07827040134123099,0.07826586909386038,0.07832025606230765,0.07849701370976125,0.0786193843887676,0.07869038959757375,0.07875233031163868,0.07886714724502736,0.0789804534292925,0.07946389314882372,0.07946842539619434,0.07979625795600145,0.07993222537711962,0.07967841952436572,0.07985970941918993,0.07999567684030809,0.08028271917377977,0.08029782666501512,0.08030689115975632,0.08045343382473923,0.08074047615821091,0.08090514781267623,0.0810501797285356,0.08124204486722457,0.08141880251467817,0.08161519990073773,0.08165447937794965,0.08157743117264936,0.08170584484814984,0.08173757057974408,0.08160613540599652,0.08148829697436079,0.08163786113759076,0.08191281747807416,0.0817209523393852,0.08174361357623823,0.08194605395879193,0.08224065003788128,0.08226482202385785,0.08215302658871625,0.08226633277298137,0.08238568195374064,0.08253675686609416,0.08262135881701213,0.08291897639434855,0.08315918550499063,0.08331781416296181,0.08331932491208535,0.08355500177535684,0.08374837766316932,0.08383902261058143,0.08400822651241736,0.08419253790548865,0.0842846936020243,0.08446447274772498,0.08467446687589636,0.08456569293900183,0.0848572675198441,0.08497510595147985,0.08532257824989292,0.0856957332834061,0.0861731300064432,0.08667167721720978,0.08731223484558867,0.08802832993014433,0.08849364066019313,0.08927771945530787,0.09004971225743431,0.09091990375259054,0.09147132718268086,0.09237475515855485,0.09281740465175065,0.09309236099223404,0.09354407498017105,0.09382054206977797,0.09414686388046155,0.09453965865258068,0.09475418502812268,0.09502611987035899,0.09513036155988291,0.09516510878972423,0.09557301105307871,0.09615616021476327,0.09624227291480476,0.09644320254823494,0.09674233087469489,0.0967513953694361,0.09684355106597174,0.09676197061330084,0.09695987874848394,0.09699915822569585,0.09693721751163092,0.09677405660628913,0.09686016930633062,0.09701124421868414,0.09693721751163092,0.09710793216259038,0.09727713606442633,0.09728166831179692,0.097349652022356,0.09772582855411625,0.09800229564372318,0.09831350996317141,0.09851141809835451,0.09859299855102541,0.0986141490387549,0.0988286754142969,0.09894198159856202,0.09919427670219239,0.09953419525498779,0.09962786170064697,0.09986807081128905,0.09967469492347655,0.09969433466208251,0.09997835549730712,0.10032582779572019,0.10049654244667966,0.10055092941512692,0.10087725122581051,0.1009240844486401,0.100726176313457,0.10068236458887447,0.10104796587676998,0.10134709420322993,0.10128364274004145,0.10136975544008296,0.10178521144905511,0.10208736127376214,0.10208433977551506,0.102253543677351,0.1027566231354882,0.10309352019003652,0.10326574559011953,0.10340322376036122,0.10367364785347401,0.10410572210280505,0.10420089929758777,0.10425377551691149,0.10426435076077624,0.10440787192751208,0.10462995204867175,0.10467376377325427,0.1045589468398656,0.10462541980130113,0.10486562891194322,0.10477347321540759,0.10466469927851305,0.10500461783130845,0.10545633181924545,0.10585516958785872,0.10590502430893539,0.10595790052825911,0.10626760409858381,0.10640206077057844,0.10639903927233137,0.10654558193731427,0.10665435587420881,0.10659694740751446,0.10669967834791486,0.10669212460229718,0.10702146791122784,